0.000000000000000000e+00
0.000000000000000000e+00
2.903913987409887820e+00
5.787228419002213187e+00
8.650155049956648412e+00
1.149290098017239181e+01
1.431566874690993885e+01
1.711866096355801403e+01
1.990208412888772926e+01
2.266612023029273359e+01
2.541094710020515635e+01
2.813674037862215727e+01
3.084367351310589100e+01
3.353191775878355685e+01
3.620164217834732767e+01
3.885301364205443519e+01
4.148619682772710604e+01
4.410135422075259726e+01
4.669864611408316080e+01
4.927823060823609325e+01
5.184026361129366478e+01
5.438489883890321153e+01
5.691228781427707872e+01
5.942257986819258520e+01
6.191592218251941659e+01
6.439245834136637825e+01
6.685232057242978954e+01
6.929563761272588351e+01
7.172253718648408949e+01
7.413314600514712538e+01
7.652758976737095509e+01
7.890599315902481692e+01
8.126847985319125200e+01
8.361517251016600483e+01
8.594619277745813690e+01
8.826166128978992731e+01
9.056169766909694374e+01
9.284642052452804251e+01
9.511594745244529747e+01
9.737039503642407112e+01
9.960987884725300034e+01
1.018345134429339680e+02
1.040444123686821314e+02
1.062396881569258937e+02
1.084204523273069469e+02
1.105868153866802857e+02
1.127388849153387866e+02
1.148767598770228204e+02
1.170005380683345635e+02
1.191103168164435715e+02
1.212061928996301816e+02
1.232882625472856120e+02
1.253566214399119332e+02
1.274113647091219548e+02
1.294525869376394667e+02
1.314803821592988982e+02
1.334948438590457158e+02
1.354960649729361251e+02
1.374841378881371554e+02
1.394591544429266889e+02
1.414212059266934034e+02
1.433703830799369143e+02
1.453067760942676045e+02
1.472304746124066241e+02
1.491415677281861178e+02
1.510401439865489124e+02
1.529262913835487439e+02
1.548000973663502009e+02
1.566616488332286679e+02
1.585110321335703532e+02
1.603483330678723462e+02
1.621736368877425321e+02
1.639870240869546194e+02
1.657885703848408525e+02
1.675783532268524425e+02
1.693564496684325889e+02
1.711229363749851018e+02
1.728778896218744023e+02
1.746213852944254086e+02
1.763534988879237062e+02
1.780743055076153780e+02
1.797838798687071460e+02
1.814822962963662860e+02
1.831696287257207132e+02
1.848459507018587828e+02
1.865113353798295179e+02
1.881658555246425522e+02
1.898095835112680447e+02
1.914425913246367656e+02
1.930649505596400104e+02
1.946767324211296852e+02
1.962780077239182788e+02
1.978688468927788904e+02
1.994493199624452018e+02
2.010194965776113349e+02
2.025794459929321363e+02
2.041292370730229777e+02
2.056689382924598419e+02
2.071986177357792371e+02
2.087183430974782823e+02
2.102281816820146787e+02
2.117282004038067384e+02
2.132184657850174290e+02
2.146990410160926501e+02
2.161699867377336659e+02
2.176313647168372256e+02
2.190832364086568873e+02
2.205256629568031030e+02
2.219587051932431052e+02
2.233824236383010771e+02
2.247968785006579822e+02
2.262021296773516781e+02
2.275982367537768880e+02
2.289852590036850870e+02
2.303632553891847010e+02
2.317322845607409647e+02
2.330924048571760068e+02
2.344436743056688215e+02
2.357861506217550982e+02
2.371198912093275908e+02
2.384449531606357766e+02
2.397613932562859986e+02
2.410692679652415222e+02
2.423686334448223647e+02
2.436595455407054374e+02
2.449420597869245739e+02
2.462162314058703316e+02
2.474821153082902470e+02
2.487397660932886083e+02
2.499892380483265697e+02
2.512305851492222075e+02
2.524638610601503785e+02
2.536891191336428903e+02
2.549064124105882172e+02
2.561157936202318979e+02
2.573173151801761378e+02
2.585110291963801501e+02
2.596969874631599282e+02
2.608752414631882743e+02
2.620458423674949131e+02
2.632088410354664347e+02
2.643642875354514672e+02
2.655122297453339684e+02
2.666527153949562603e+02
2.677857920114522585e+02
2.689115068795554180e+02
2.700299070415989036e+02
2.711410392975157038e+02
2.722449502048382897e+02
2.733416860786989560e+02
2.744312929918297073e+02
2.755138167745621445e+02
2.765893030148276353e+02
2.776577970581572004e+02
2.787193440076816273e+02
2.797739887241312999e+02
2.808217758258363119e+02
2.818627496887265238e+02
2.828969544463313923e+02
2.839244339897801979e+02
2.849452319678017034e+02
2.859593917867245523e+02
2.869669566104769842e+02
2.879679693605870057e+02
2.889624727161823330e+02
2.899505091139901651e+02
2.909321207483376384e+02
2.919073495711514852e+02
2.928762372919580912e+02
2.938388253778836088e+02
2.947951550536538434e+02
2.957452673015943105e+02
2.966892028616301786e+02
2.976270022312863262e+02
2.985587056656873983e+02
2.994843531775576935e+02
3.004039845372210493e+02
3.013176392726011841e+02
3.022253566692214690e+02
3.031271757702049854e+02
3.040231353762744106e+02
3.049132740457521322e+02
3.057976300945604180e+02
3.066762415962209047e+02
3.075491463818552802e+02
3.084163820401846010e+02
3.092779859175298043e+02
3.101339951178115371e+02
3.109844465025499858e+02
3.118293771292579777e+02
3.126688254059145606e+02
3.135028263439447755e+02
3.143314142674911409e+02
3.151546233339241212e+02
3.159724875338420702e+02
3.167850406910713446e+02
3.175923164626661901e+02
3.183943483389088556e+02
3.191911696433095358e+02
3.199828135326063148e+02
3.207693129967652794e+02
3.215507008589804059e+02
3.223270097756737869e+02
3.230982722364952338e+02
3.238645205643225609e+02
3.246257869152616991e+02
3.253821032786463547e+02
3.261335014770382372e+02
3.268800131662269450e+02
3.276216698352301364e+02
3.283585028062933588e+02
3.290905432348900490e+02
3.298178221097217033e+02
3.305403702527177074e+02
3.312582183190353931e+02
3.319713967970600379e+02
3.326799360084048658e+02
3.333838661079110466e+02
3.340832170836478099e+02
3.347780187569120471e+02
3.354683007822289369e+02
3.361540926473513764e+02
3.368354236732603226e+02
3.375123230141646786e+02
3.381848196575011229e+02
3.388529424239345076e+02
3.395167199673575169e+02
3.401761807748908382e+02
3.408313531668831047e+02
3.414822652969107821e+02
3.421289451517783959e+02
3.427714205515183608e+02
3.434097191493912078e+02
3.440438684318851301e+02
3.446738957187164942e+02
3.452998281628294990e+02
3.459216927503963461e+02
3.465395163008171266e+02
3.471533254667200481e+02
3.477631467339609799e+02
3.483690064216240216e+02
3.489709306820209918e+02
3.495689455006918251e+02
3.501630766964043460e+02
3.507533499211543244e+02
3.513397906601653631e+02
3.519224242318892948e+02
3.525012757880056142e+02
3.530763703134218758e+02
3.536477326262736369e+02
3.542153873779243440e+02
3.547793590529653329e+02
3.553396735979006849e+02
3.558963604975014050e+02
3.564494426268345819e+02
3.569989421381957300e+02
3.575448810879067310e+02
3.580872814363161751e+02
3.586261650477990202e+02
3.591615536907568185e+02
3.596934690376178310e+02
3.602219326648365154e+02
3.607469660528942086e+02
3.612685905862985010e+02
3.617868275535837483e+02
3.623016981473107307e+02
3.628132234640667662e+02
3.633214245044657673e+02
3.638263221731481281e+02
3.643279372787807802e+02
3.648262905340571933e+02
3.653214025556974320e+02
3.658132938644480987e+02
3.663019848850822200e+02
3.667874959463994173e+02
3.672698472812259638e+02
3.677490590264144998e+02
3.682251512228443175e+02
3.686981438154211901e+02
3.691680566530774854e+02
3.696349094887719957e+02
3.700987219794901648e+02
3.705595136862439745e+02
3.710173040740718307e+02
3.714721125120387910e+02
3.719239582732363942e+02
3.723728605347827738e+02
3.728188383778225443e+02
3.732619107875268583e+02
3.737020966530934061e+02
3.741394147677464730e+02
3.745738838287367685e+02
3.750055224373417673e+02
3.754343490988651411e+02
3.758603822226374405e+02
3.762836401220155267e+02
3.767041410143827989e+02
3.771219030211494214e+02
3.775369441677518694e+02
3.779492823836532125e+02
3.783589355023430585e+02
3.787659212613376098e+02
3.791702573021796070e+02
3.795719611704381578e+02
3.799710503157091352e+02
3.803675420916148369e+02
3.807614537558041548e+02
3.811528024699523485e+02
3.815416052997614429e+02
3.819278792149598871e+02
3.823116410893026682e+02
3.826929077005713111e+02
3.830716957305739925e+02
3.834480217651451994e+02
3.838219022941461276e+02
3.841933537114644537e+02
3.845623923150144492e+02
3.849290343067368667e+02
3.852932957925990536e+02
3.856551927825947246e+02
3.860147411907443598e+02
3.863719568350948634e+02
3.867268554377196779e+02
3.870794526247187832e+02
3.874297639262187545e+02
3.877778047763725908e+02
3.881235905133599431e+02
3.884671363793870000e+02
3.888084575206863747e+02
3.891475689875173316e+02
3.894844857341655597e+02
3.898192226189433995e+02
3.901517944041897294e+02
3.904822157545564210e+02
3.908104974366048623e+02
3.911366496904138330e+02
3.914606858202921558e+02
3.917826190693621129e+02
3.921024626195597307e+02
3.924202295916344951e+02
3.927359330451496930e+02
3.930495859784820709e+02
3.933612013288221192e+02
3.936707919721737881e+02
3.939783707233548284e+02
3.942839503359963942e+02
3.945875435025434967e+02
3.948891628542545504e+02
3.951888209612017135e+02
3.954865303322707177e+02
3.957823034151608681e+02
3.960761525963851568e+02
3.963680902012702063e+02
3.966581284939561556e+02
3.969462796773968307e+02
3.972325558933596312e+02
3.975169692224257005e+02
3.977995316839895850e+02
3.980802552362595748e+02
3.983591517762576473e+02
3.986362331398191827e+02
3.989115111015933621e+02
3.991849973750429399e+02
3.994567036124441870e+02
3.997266414048871752e+02
3.999948222822754360e+02
4.002612577133261311e+02
4.005259591055701662e+02
4.007889378053518499e+02
4.010502050978293482e+02
4.013097722069741735e+02
4.015676502955717524e+02
4.018238504652209144e+02
4.020783837563341763e+02
4.023312611481376280e+02
4.025824935586709898e+02
4.028320918447876693e+02
4.030800668021545903e+02
4.033264291652524207e+02
4.035711896073752314e+02
4.038143587406309507e+02
4.040559471159409668e+02
4.042959652230402980e+02
4.045344234904776499e+02
4.047713322856152445e+02
4.050067019146290477e+02
4.052405426225084852e+02
4.054728645930567836e+02
4.057036779488905722e+02
4.059329927514402812e+02
4.061608190009498571e+02
4.063871666364768771e+02
4.066120455358925483e+02
4.068354655158817081e+02
4.070574363319427675e+02
4.072779676783877676e+02
4.074970691883423797e+02
4.077147504337459054e+02
4.079310209253332005e+02
4.081458893303680497e+02
4.083593638545357294e+02
4.085714532191958028e+02
4.087821661051671072e+02
4.089915111527278100e+02
4.091994969616155231e+02
4.094061320910271320e+02
4.096114250596186821e+02
4.098153843455058905e+02
4.100180183862635772e+02
4.102193355789259499e+02
4.104193442799866034e+02
4.106180528053982925e+02
4.108154694305733869e+02
4.110116023903834162e+02
4.112064598791591834e+02
4.114000500506909930e+02
4.115923810182284228e+02
4.117834608544803245e+02
4.119732975916149940e+02
4.121618992212599437e+02
4.123492736945021306e+02
4.125354289218877852e+02
4.127203727734224685e+02
4.129041130785711289e+02
4.130866576262579883e+02
4.132680141648667131e+02
4.134481904022400727e+02
4.136271940056805079e+02
4.138050326019494491e+02
4.139817137772679416e+02
4.141572450773162473e+02
4.143316340072339017e+02
4.145048880316199416e+02
4.146770145745325067e+02
4.148480210194893516e+02
4.150179147094673340e+02
4.151867029469027557e+02
4.153543929936913059e+02
4.155209920711878340e+02
4.156865073602066900e+02
4.158509460010214411e+02
4.160143150933651555e+02
4.161766216964300611e+02
4.163378728288677735e+02
4.164980754687892954e+02
4.166572365537649603e+02
4.168153629808243750e+02
4.169724616064565339e+02
4.171285392466097051e+02
4.172836026766916007e+02
4.174376586315692066e+02
4.175907138055687824e+02
4.177427748524760318e+02
4.178938483855359323e+02
4.180439409774527917e+02
4.181930591603903622e+02
4.183412094259715559e+02
4.184883982252787291e+02
4.186346319688535687e+02
4.187799170266970918e+02
4.189242597282695897e+02
4.190676663624907974e+02
4.192101431777397806e+02
4.193516963818547651e+02
4.194923320788842034e+02
4.196320560420363108e+02
4.197708739327507601e+02
4.199087913870595230e+02
4.200458140155878368e+02
4.201819474035543180e+02
4.203171971107708487e+02
4.204515686716428036e+02
4.205850675951688231e+02
4.207176993649409837e+02
4.208494694391446274e+02
4.209803832505585319e+02
4.211104462065547978e+02
4.212396636890988475e+02
4.213680410547494830e+02
4.214955836346589990e+02
4.216222967345728421e+02
4.217481856348298948e+02
4.218732555903624757e+02
4.219975118306961122e+02
4.221209595599498243e+02
4.222436039568359547e+02
4.223654501746601682e+02
4.224865033413214519e+02
4.226067685593122860e+02
4.227262509057184161e+02
4.228449554322189101e+02
4.229628871650862720e+02
4.230800511051863850e+02
4.231964522279783409e+02
4.233120954835147245e+02
4.234269857964414996e+02
4.235411280659978388e+02
4.236545271660164076e+02
4.237671879449232506e+02
4.238791152257375643e+02
4.239903138060722085e+02
4.241007884581330813e+02
4.242105439287196873e+02
4.243195849392247965e+02
4.244279161856345013e+02
4.245355423385283302e+02
4.246424680430790772e+02
4.247486979190529723e+02
4.248542365608095679e+02
4.249590885373017954e+02
4.250632583920759089e+02
4.251667506432715982e+02
4.252695697836217619e+02
4.253717202804528483e+02
4.254732065756845145e+02
4.255740330858298535e+02
4.256742042019952805e+02
4.257737242898805334e+02
4.258725976897787859e+02
4.259708287165765910e+02
4.260684216597537102e+02
4.261653807833833980e+02
4.262617103261322882e+02
4.263574145012602230e+02
4.264524974966205377e+02
4.265469634746598331e+02
4.266408165724181458e+02
4.267340609015288919e+02
4.268267005482186960e+02
4.269187395733077324e+02
4.270101820122093272e+02
4.271010318749304133e+02
4.271912931460710183e+02
4.272809697848247197e+02
4.273700656977315475e+02
4.274585844145452711e+02
4.275465294425334832e+02
4.276339043228986156e+02
4.277207125815738777e+02
4.278069577292228018e+02
4.278926432612397548e+02
4.279777726577494832e+02
4.280623493836073976e+02
4.281463768883995726e+02
4.282298586064424057e+02
4.283127979567831858e+02
4.283951983431995814e+02
4.284770631541998114e+02
4.285583957630228724e+02
4.286391995276381977e+02
4.287194777907457137e+02
4.287992338797761818e+02
4.288784711068906859e+02
4.289571927689809741e+02
4.290354021476695152e+02
4.291131025093091580e+02
4.291902971049834150e+02
4.292669891705063492e+02
4.293431819264226306e+02
4.294188785780075364e+02
4.294940823152668372e+02
4.295687963129369678e+02
4.296430237304849129e+02
4.297167677121081510e+02
4.297900313867348814e+02
4.298628178680238534e+02
4.299351302543642532e+02
4.300069716288760446e+02
4.300783450594095711e+02
4.301492535985460108e+02
4.302197002835968078e+02
4.302896881366042408e+02
4.303592201643410817e+02
4.304282993583105963e+02
4.304969286947467708e+02
4.305651111346140851e+02
4.306328496236075694e+02
4.307001470921529176e+02
4.307670064554064311e+02
4.308334306132547908e+02
4.308994224503155124e+02
4.309649848359364910e+02
4.310301206241962859e+02
4.310948326539040067e+02
4.311591237485993702e+02
4.312229967165527569e+02
4.312864543507648705e+02
4.313494994289672491e+02
4.314121347136218674e+02
4.314743629519213641e+02
4.315361868757889283e+02
4.315976092018782424e+02
4.316586326315737097e+02
4.317192598509902268e+02
4.317794935309732409e+02
4.318393363270989198e+02
4.318987908796738111e+02
4.319578598137351833e+02
4.320165457390508550e+02
4.320748512501191954e+02
4.321327789261691805e+02
4.321903313311603370e+02
4.322475110137827983e+02
4.323043205074571915e+02
4.323607623303349214e+02
4.324168389852977725e+02
4.324725529078260138e+02
4.325279058599814448e+02
4.325828998990738228e+02
4.326375372469756826e+02
4.326918201160028161e+02
4.327457507089141018e+02
4.327993312189119024e+02
4.328525638296416673e+02
4.329054507151920461e+02
4.329579940400951727e+02
4.330101959593261540e+02
4.330620586183035812e+02
4.331135841528890751e+02
4.331647746893876842e+02
4.332156323445476005e+02
4.332661592255602727e+02
4.333163574300605205e+02
4.333662290461262501e+02
4.334157761522786814e+02
4.334650008174822915e+02
4.335139051011447577e+02
4.335624910531170713e+02
4.336107607136934234e+02
4.336587161136113195e+02
4.337063592740514650e+02
4.337536922066377656e+02
4.338007169134373839e+02
4.338474353869609104e+02
4.338938496101619080e+02
4.339399615564374244e+02
4.339857731896275936e+02
4.340312864640158068e+02
4.340765033243288826e+02
4.341214257057367263e+02
4.341660555338524432e+02
4.342103947247325095e+02
4.342544451848766585e+02
4.342982088112277665e+02
4.343416874911720242e+02
4.343848831025388222e+02
4.344277975136009218e+02
4.344704325830741709e+02
4.345127901601177882e+02
4.345548720843341926e+02
4.345966801857690029e+02
4.346382162849111523e+02
4.346794821926928307e+02
4.347204797104894283e+02
4.347612106301195922e+02
4.348016767338452837e+02
4.348418797943716072e+02
4.348818215748469811e+02
4.349215038288630240e+02
4.349609283004547251e+02
4.350000967241001035e+02
4.350390108247206626e+02
4.350776723176810492e+02
4.351160829087890534e+02
4.351542442942958928e+02
4.351921581608959286e+02
4.352298261857268358e+02
4.352672500363694326e+02
4.353044313708479081e+02
4.353413718376296515e+02
4.353780730756252524e+02
4.354145367141885572e+02
4.354507643731167263e+02
4.354867575603773275e+02
4.355225172964512126e+02
4.355580449701303678e+02
4.355933420337400435e+02
4.356284099329781156e+02
4.356632501069148020e+02
4.356978639879927186e+02
4.357322530020270506e+02
4.357664185682052675e+02
4.358003620990872946e+02
4.358340850006056257e+02
4.358675886720649828e+02
4.359008745061426566e+02
4.359339438888883365e+02
4.359667981997241100e+02
4.359994388114445201e+02
4.360318670902165650e+02
4.360640843955795845e+02
4.360960920804455441e+02
4.361278914910985804e+02
4.361594839671954560e+02
4.361908708417652178e+02
4.362220534412095390e+02
4.362530330853023202e+02
4.362838110871900312e+02
4.363143887533914835e+02
4.363447673837980005e+02
4.363749482716732473e+02
4.364049327036533441e+02
4.364347219597469234e+02
4.364643173133350160e+02
4.364937200311709375e+02
4.365229313733806293e+02
4.365519525934623744e+02
4.365807849382868540e+02
4.366094296480973185e+02
4.366378879565093030e+02
4.366661610905107977e+02
4.366942502704622484e+02
4.367221567100966126e+02
4.367498816165191329e+02
4.367774261902075068e+02
4.368047916250120011e+02
4.368319791081551671e+02
4.368589898202320683e+02
4.368858249352101097e+02
4.369124856204292655e+02
4.369389730366017375e+02
4.369652883378124102e+02
4.369914326715183961e+02
4.370174071785493197e+02
4.370432129931072041e+02
4.370688512427665842e+02
4.370943230484743367e+02
4.371196295245497936e+02
4.371447717786847420e+02
4.371697509119433676e+02
4.371945680187623111e+02
4.372192241869506120e+02
4.372437204976897647e+02
4.372680580255337190e+02
4.372922378321002839e+02
4.373162608122247548e+02
4.373401278939304007e+02
4.373638400559472075e+02
4.373873982723962399e+02
4.374108035127894709e+02
4.374340567420296679e+02
4.374571589204106203e+02
4.374801110036170826e+02
4.375029139427247173e+02
4.375255686842000387e+02
4.375480761699005825e+02
4.375704373370747362e+02
4.375926531183618522e+02
4.376147244417922479e+02
4.376366522307870355e+02
4.376584374041584056e+02
4.376800808761094572e+02
4.377015835562340840e+02
4.377229463495172581e+02
4.377441701563348033e+02
4.377652558724534515e+02
4.377862043890308996e+02
4.378070165926158097e+02
4.378276933651477520e+02
4.378482355839570914e+02
4.378686441217653282e+02
4.378889198466847574e+02
4.379090636222185822e+02
4.379290763072610844e+02
4.379489587560972836e+02
4.379687118184032784e+02
4.379883363392459614e+02
4.380078331590833045e+02
4.380272031137640738e+02
4.380464470345280574e+02
4.380655657480058949e+02
4.380845600762191339e+02
4.381034308365804009e+02
4.381221788418931169e+02
4.381408049003516112e+02
4.381593098155412349e+02
4.381776943864381906e+02
4.381959594074097026e+02
4.382141056682138469e+02
4.382321339539995506e+02
4.382500450453068765e+02
4.382678397180666252e+02
4.382855187436005622e+02
4.383030828886215318e+02
4.383205329152330592e+02
4.383378695809297483e+02
4.383550936385971681e+02
4.383722058365117391e+02
4.383892069183407898e+02
4.384060976231425570e+02
4.384228786853663564e+02
4.384395508348522981e+02
4.384561147968314003e+02
4.384725712919257035e+02
4.384889210361481560e+02
4.385051647409025577e+02
4.385213031129753176e+02
4.385373368436534633e+02
4.385532665896544700e+02
4.385690929993564851e+02
4.385848167181672466e+02
4.386004383885240827e+02
4.386159586498937983e+02
4.386313781387726749e+02
4.386466974886866410e+02
4.386619173301910450e+02
4.386770382908708825e+02
4.386920609953405688e+02
4.387069860652441662e+02
4.387218141192551570e+02
4.387365457730766707e+02
4.387511816394412563e+02
4.387657223281111669e+02
4.387801684458779619e+02
4.387945205965629611e+02
4.388087793810167909e+02
4.388229453971198382e+02
4.388370192397819096e+02
4.388510015009422887e+02
4.388648927695698490e+02
4.388786936316631113e+02
4.388924046702499595e+02
4.389060264653878676e+02
4.389195595941638999e+02
4.389330046306945405e+02
4.389463621461259777e+02
4.389596327086337624e+02
4.389728168834230360e+02
4.389859152327285301e+02
4.389989283158145099e+02
4.390118566889746603e+02
4.390247009055323133e+02
4.390374615158402207e+02
4.390501390672808952e+02
4.390627341042660987e+02
4.390752471682372970e+02
4.390876787976654896e+02
4.391000295280510954e+02
4.391122998919242377e+02
4.391244904188444593e+02
4.391366016354008366e+02
4.391486340652119793e+02
4.391605882289261444e+02
4.391724646442209519e+02
4.391842638258036686e+02
4.391959862854110384e+02
4.392076325318094518e+02
4.392192030707946628e+02
4.392306984051920722e+02
4.392421190348566142e+02
4.392534654566726431e+02
4.392647381645542737e+02
4.392759376494448702e+02
4.392870643993175577e+02
4.392981188991749377e+02
4.393091016310490886e+02
4.393200130740016220e+02
4.393308537041237969e+02
4.393416239945362918e+02
4.393523244153893188e+02
4.393629554338626804e+02
4.393735175141657123e+02
4.393840111175372840e+02
4.393944367022457982e+02
4.394047947235890774e+02
4.394150856344078306e+02
4.394253098716426962e+02
4.394354678476419735e+02
4.394455599715345215e+02
4.394555866506725010e+02
4.394655482906309771e+02
4.394754452952082602e+02
4.394852780664255647e+02
4.394950470045272937e+02
4.395047525079809247e+02
4.395143949734770104e+02
4.395239747959291208e+02
4.395334923684739579e+02
4.395429480824713551e+02
4.395523423275041068e+02
4.395616754913781392e+02
4.395709479601225667e+02
4.395801601179893510e+02
4.395893123474537560e+02
4.395984050292140068e+02
4.396074385421914030e+02
4.396164132635304327e+02
4.396253295685985449e+02
4.396341878309862636e+02
4.396429884225073579e+02
4.396517317131983873e+02
4.396604180713193273e+02
4.396690478633529438e+02
4.396776214540052479e+02
4.396861392062053255e+02
4.396946014811052805e+02
4.397030086380802913e+02
4.397113610347286112e+02
4.397196590268716818e+02
4.397279029685539626e+02
4.397360932120428743e+02
4.397442301078290825e+02
4.397523140046262711e+02
4.397603452493711416e+02
4.397683241872236408e+02
4.397762511615666199e+02
4.397841265140060614e+02
4.397919505843710795e+02
4.397997237107138631e+02
4.398074462293095621e+02
4.398151184746565718e+02
4.398227407794763053e+02
4.398303134747131367e+02
4.398378368895346853e+02
4.398453113513315316e+02
4.398527371857175012e+02
4.398601147165293241e+02
4.398674442658268049e+02
4.398747261538930502e+02
4.398819606992339573e+02
4.398891482185786685e+02
4.398962890268794013e+02
4.399033834373113905e+02
4.399104317612730597e+02
4.399174343083857366e+02
4.399243913864939941e+02
4.399313033016653662e+02
4.399381703581906322e+02
4.399449928585834186e+02
4.399517711035805974e+02
4.399585053921420581e+02
4.399651960214508222e+02
4.399718432869128719e+02
4.399784474821574918e+02
4.399850088990367567e+02
4.399915278276260437e+02
4.399980045562237478e+02
4.400044393713512818e+02
4.400108325577531900e+02
4.400171843530857245e+02
4.400234949427763809e+02
4.400297645823798689e+02
4.400359935279684578e+02
4.400421820344495245e+02
4.400483303555649854e+02
4.400544387438918079e+02
4.400605074508416692e+02
4.400665367266612407e+02
4.400725268204318468e+02
4.400784779800698630e+02
4.400843904523263177e+02
4.400902644827871768e+02
4.400961003158732865e+02
4.401018981948402597e+02
4.401076583617785900e+02
4.401133810576136511e+02
4.401190665221055269e+02
4.401247149938493521e+02
4.401303267102748578e+02
4.401359019076468826e+02
4.401414408210648617e+02
4.401469436844632810e+02
4.401524107306112796e+02
4.401578421911130476e+02
4.401632382964074282e+02
4.401685992757682016e+02
4.401739253573040287e+02
4.401792167679583372e+02
4.401844737335093782e+02
4.401896964785703403e+02
4.401948852265891787e+02
4.402000401998487860e+02
4.402051616194667645e+02
4.402102497053956540e+02
4.402153046764228748e+02
4.402203267501705000e+02
4.402253161430957107e+02
4.402302730704902842e+02
4.402351977464810489e+02
4.402400903840295427e+02
4.402449511949321845e+02
4.402497803898202164e+02
4.402545781781598180e+02
4.402593447682518786e+02
4.402640803672321681e+02
4.402687851810713937e+02
4.402734594145750293e+02
4.402781032713833724e+02
4.402827169539716010e+02
4.402873006636497735e+02
4.402918546005626581e+02
4.402963789636900174e+02
4.403008739508463805e+02
4.403053397586811570e+02
4.403097765826785235e+02
4.403141846171576503e+02
4.403185640552723612e+02
4.403229150890114170e+02
4.403272379091985158e+02
4.403315327054920658e+02
4.403357996663852987e+02
4.403400389789686074e+02
4.403442508032514411e+02
4.403484352975459046e+02
4.403525926331837468e+02
4.403567229806964178e+02
4.403608265098146148e+02
4.403649033894687363e+02
4.403689537877884845e+02
4.403729778721032062e+02
4.403769758089415518e+02
4.403809477640318164e+02
4.403848939023016555e+02
4.403888143878782557e+02
4.403927093840883913e+02
4.403965790534580833e+02
4.404004235577130544e+02
4.404042430577783875e+02
4.404080377137786968e+02
4.404118076850381271e+02
4.404155531300801272e+02
4.404192742066277901e+02
4.404229710716036834e+02
4.404266438811297917e+02
4.404302927905275737e+02
4.404339179543180762e+02
4.404375195262217630e+02
4.404410976591585154e+02
4.404446525052478023e+02
4.404481842158084532e+02
4.404516929413589992e+02
4.404551788316171610e+02
4.404586420355003611e+02
4.404620827011254960e+02
4.404655009758087658e+02
4.404688970060660154e+02
4.404722709376125636e+02
4.404756229153631466e+02
4.404789530834320317e+02
4.404822615851329033e+02
4.404855485629789769e+02
4.404888141586829988e+02
4.404920585131571329e+02
4.404952817665130169e+02
4.404984840580617629e+02
4.405016655263140137e+02
4.405048263089798866e+02
4.405079665429689726e+02
4.405110863643903372e+02
4.405141859085525766e+02
4.405172653099635909e+02
4.405203247023310382e+02
4.405233642185618237e+02
4.405263839907624970e+02
4.405293841502389682e+02
4.405323648274967354e+02
4.405353261522406569e+02
4.405382682533752359e+02
4.405411912590042220e+02
4.405440952964311236e+02
4.405469804921587524e+02
4.405498469718894512e+02
4.405526948605249800e+02
4.405555242821667434e+02
4.405583353600242162e+02
4.405611282129526671e+02
4.405639029545308745e+02
4.405666596975102607e+02
4.405693985541308280e+02
4.405721196361212719e+02
4.405748230546992659e+02
4.405775089205710628e+02
4.405801773439317230e+02
4.405828284344650569e+02
4.405854623013435685e+02
4.405880790532287392e+02
4.405906787982704600e+02
4.405932616441077130e+02
4.405958276978679464e+02
4.405983770661676431e+02
4.406009098551117518e+02
4.406034261702942558e+02
4.406059261167976615e+02
4.406084097991933959e+02
4.406108773215414658e+02
4.406133287873908557e+02
4.406157642997791299e+02
4.406181839612326598e+02
4.406205878737665671e+02
4.406229761388848374e+02
4.406253488575799224e+02
4.406277061303334222e+02
4.406300480571152889e+02
4.406323747373845663e+02
4.406346862700888778e+02
4.406369827536646540e+02
4.406392642860369619e+02
4.406415309646198466e+02
4.406437828863159325e+02
4.406460201475165945e+02
4.406482428441021284e+02
4.406504510714413527e+02
4.406526449243920638e+02
4.406548244973006945e+02
4.406569898840023711e+02
4.406591411778211409e+02
4.406612784715696876e+02
4.406634018575494451e+02
4.406655114275506548e+02
4.406676072728523081e+02
4.406696894842221468e+02
4.406717581519166060e+02
4.406738133656809282e+02
4.406758552147491628e+02
4.406778837878439958e+02
4.406798991731770343e+02
4.406819014584484080e+02
4.406838907308471676e+02
4.406858670770511139e+02
4.406878305832267984e+02
4.406897813350294086e+02
4.406917194176029966e+02
4.406936449155803643e+02
4.406955579130830642e+02
4.406974584937213990e+02
4.406993467405944216e+02
4.407012227362898784e+02
4.407030865628843230e+02
4.407049383019431730e+02
4.407067780345203687e+02
4.407086058411588283e+02
4.407104218018900497e+02
4.407122259962344515e+02
4.407140185032012027e+02
4.407157994004027728e+02
4.407175687604506606e+02
4.407193266542780634e+02
4.407210731525170786e+02
4.407228083254985336e+02
4.407245322432520993e+02
4.407262449755063471e+02
4.407279465916884647e+02
4.407296371609247672e+02
4.407313167520400157e+02
4.407329854335580421e+02
4.407346432737014652e+02
4.407362903403915766e+02
4.407379267012486252e+02
4.407395524235916469e+02
4.407411675744384070e+02
4.407427722205055716e+02
4.407443664282085933e+02
4.407459502636617117e+02
4.407475237926780665e+02
4.407490870807695842e+02
4.407506401931468645e+02
4.407521831947194642e+02
4.407537161500957268e+02
4.407552391235828964e+02
4.407567521791867762e+02
4.407582553806122974e+02
4.407597487912629504e+02
4.407612324742411261e+02
4.407627064923481726e+02
4.407641709080840542e+02
4.407656257836475788e+02
4.407670711809364548e+02
4.407685071615471202e+02
4.407699337867749705e+02
4.407713511176139605e+02
4.407727592147571158e+02
4.407741581385961922e+02
4.407755479492216182e+02
4.407769287064228934e+02
4.407783004696880766e+02
4.407796632982041842e+02
4.407810172508570759e+02
4.407823623862313411e+02
4.407836987626103564e+02
4.407850264379764553e+02
4.407863454700106445e+02
4.407876559160928309e+02
4.407889578333016516e+02
4.407902512784146438e+02
4.407915363079081317e+02
4.407928129779571691e+02
4.407940813444358241e+02
4.407953414629167810e+02
4.407965933886715675e+02
4.407978371766706687e+02
4.407990728815831858e+02
4.408003005577772342e+02
4.408015202593195454e+02
4.408027320399758082e+02
4.408039359532104982e+02
4.408051320521868206e+02
4.408063203897669382e+02
4.408075010185116867e+02
4.408086739906808020e+02
4.408098393582327503e+02
4.408109971728250116e+02
4.408121474858135684e+02
4.408132903482535312e+02
4.408144258108985696e+02
4.408155539242013674e+02
4.408166747383132815e+02
4.408177883030845692e+02
4.408188946680642175e+02
4.408199938757890664e+02
4.408210859554843637e+02
4.408221709505569379e+02
4.408232489050748768e+02
4.408243198629132280e+02
4.408253838677538852e+02
4.408264409630854175e+02
4.408274911922032970e+02
4.408285345982098420e+02
4.408295712240141597e+02
4.408306011123320900e+02
4.408316243056864892e+02
4.408326408464068322e+02
4.408336507766294972e+02
4.408346541382977648e+02
4.408356509731615347e+02
4.408366413227777230e+02
4.408376252285099781e+02
4.408386027315286810e+02
4.408395738728112292e+02
4.408405386931416956e+02
4.408414972331109993e+02
4.408424495331169055e+02
4.408433956333639685e+02
4.408443355738635887e+02
4.408452693944338989e+02
4.408461971346999917e+02
4.408471188340937488e+02
4.408480345318537275e+02
4.408489442670254448e+02
4.408498480784612070e+02
4.408507460048201665e+02
4.408516380845682079e+02
4.408525243559780620e+02
4.408534048571294193e+02
4.408542796259085321e+02
4.408551487000086695e+02
4.408560121169298895e+02
4.408568699139789828e+02
4.408577221282696996e+02
4.408585687967224089e+02
4.408594099560644963e+02
4.408602456428300798e+02
4.408610758933601232e+02
4.408619007438023232e+02
4.408627202301112789e+02
4.408635343880484356e+02
4.408643432531819712e+02
4.408651468608869664e+02
4.408659452463451771e+02
4.408667384445453763e+02
4.408675264902830122e+02
4.408683094181603792e+02
4.408690872625866746e+02
4.408698600577778279e+02
4.408706278377565582e+02
4.408713906363524870e+02
4.408721484872020255e+02
4.408729014237483739e+02
4.408736494792415783e+02
4.408743926867385312e+02
4.408751310791029141e+02
4.408758646890051978e+02
4.408765935489227559e+02
4.408773176872996373e+02
4.408780371284624948e+02
4.408787519016161127e+02
4.408794620359112173e+02
4.408801675603668286e+02
4.408808685038700901e+02
4.408815648951762114e+02
4.408822567629088667e+02
4.408829441355595691e+02
4.408836270414882961e+02
4.408843055089230916e+02
4.408849795659601227e+02
4.408856492405638505e+02
4.408863145605668024e+02
4.408869755536697994e+02
4.408876322474417861e+02
4.408882846693198871e+02
4.408889328466094071e+02
4.408895768064838876e+02
4.408902165759848799e+02
4.408908521820223996e+02
4.408914836513743580e+02
4.408921110106870742e+02
4.408927342864748766e+02
4.408933535051203307e+02
4.408939686928742958e+02
4.408945798758555839e+02
4.408951870800514143e+02
4.408957903313170732e+02
4.408963896553760264e+02
4.408969850778199202e+02
4.408975766241086376e+02
4.408981643195702418e+02
4.408987481894008624e+02
4.408993282586649229e+02
4.408999045522949700e+02
4.409004770950917873e+02
4.409010459117243386e+02
4.409016110267297108e+02
4.409021724645131712e+02
4.409027302493482239e+02
4.409032844053764961e+02
4.409038349566078523e+02
4.409043819269203368e+02
4.409049253400600605e+02
4.409054652196415418e+02
4.409060015891472517e+02
4.409065344719278983e+02
4.409070638912024833e+02
4.409075898700581320e+02
4.409081124314500357e+02
4.409086315982017368e+02
4.409091473930048437e+02
4.409096598384192021e+02
4.409101689568727807e+02
4.409106747706618421e+02
4.409111773019507723e+02
4.409116765727720235e+02
4.409121726050264556e+02
4.409126654204828810e+02
4.409131550407784061e+02
4.409136414874183743e+02
4.409141247817761951e+02
4.409146049450934015e+02
4.409150819975516242e+02
4.409155559580354407e+02
4.409160268456455469e+02
4.409164946794000457e+02
4.409169594782345598e+02
4.409174212610019481e+02
4.409178800464726464e+02
4.409183358533342698e+02
4.409187887001920103e+02
4.409192386055684096e+02
4.409196855879034160e+02
4.409201296655542706e+02
4.409205708567958482e+02
4.409210091798201461e+02
4.409214446527367954e+02
4.409218772935726065e+02
4.409223071202720234e+02
4.409227341506967832e+02
4.409231584026258588e+02
4.409235798937559707e+02
4.409239986417009050e+02
4.409244146639920245e+02
4.409248279780780422e+02
4.409252386013251339e+02
4.409256465510168255e+02
4.409260518443539354e+02
4.409264544984548593e+02
4.409268545303553424e+02
4.409272519570084228e+02
4.409276467952847156e+02
4.409280390619720720e+02
4.409284287737758063e+02
4.409288159473186397e+02
4.409292005991407564e+02
4.409295827456995767e+02
4.409299624033700411e+02
4.409303395884444967e+02
4.409307143171326402e+02
4.409310866055615747e+02
4.409314564697758101e+02
4.409318239257373193e+02
4.409321889893252546e+02
4.409325516763365158e+02
4.409329120024850681e+02
4.409332699834024538e+02
4.409336256346376217e+02
4.409339789716568703e+02
4.409343300098438476e+02
4.409346787644997221e+02
4.409350252508429548e+02
4.409353694840095272e+02
4.409357114790525998e+02
4.409360512509429668e+02
4.409363888145687724e+02
4.409367241847353966e+02
4.409370573761658534e+02
4.409373884035003357e+02
4.409377172812966137e+02
4.409380440240297503e+02
4.409383686460922718e+02
4.409386911617940541e+02
4.409390115853624366e+02
4.409393299309419945e+02
4.409396462125949370e+02
4.409399604443007661e+02
4.409402726399562766e+02
4.409405828133757836e+02
4.409408909782910087e+02
4.409411971483510797e+02
4.409415013371223608e+02
4.409418035580550850e+02
4.409421038237012453e+02
4.409424021458768834e+02
4.409426985363553513e+02
4.409429930068648105e+02
4.409432855690882889e+02
4.409435762346636238e+02
4.409438650151835759e+02
4.409441519221958288e+02
4.409444369672027051e+02
4.409447201616617349e+02
4.409450015169849166e+02
4.409452810445394562e+02
4.409455587556472551e+02
4.409458346615850814e+02
4.409461087735845695e+02
4.409463811028322766e+02
4.409466516604695698e+02
4.409469204575927392e+02
4.409471875052527707e+02
4.409474528144557439e+02
4.409477163961624342e+02
4.409479782612885970e+02
4.409482384207047403e+02
4.409484968852362954e+02
4.409487536656635598e+02
4.409490087727216974e+02
4.409492622171007383e+02
4.409495140094455223e+02
4.409497641603557554e+02
4.409500126803861235e+02
4.409502595800460085e+02
4.409505048697998291e+02
4.409507485600666996e+02
4.409509906612207715e+02
4.409512311835908918e+02
4.409514701374608308e+02
4.409517075330692819e+02
4.409519433806097481e+02
4.409521776902305987e+02
4.409524104720350692e+02
4.409526417360812616e+02
4.409528714923821440e+02
4.409530997509054941e+02
4.409533265215741267e+02
4.409535518142654382e+02
4.409537756388119760e+02
4.409539980050009262e+02
4.409542189225745119e+02
4.409544384012297087e+02
4.409546564506183586e+02
4.409548730803472267e+02
4.409550882999778878e+02
4.409553021190268396e+02
4.409555145469653894e+02
4.409557255932197108e+02
4.409559352671708439e+02
4.409561435781547516e+02
4.409563505354622066e+02
4.409565561483387910e+02
4.409567604259850668e+02
4.409569633775563489e+02
4.409571650121629318e+02
4.409573653388698631e+02
4.409575643666971132e+02
4.409577621046194622e+02
4.409579585615666701e+02
4.409581537464232497e+02
4.409583476680286367e+02
4.409585403351770765e+02
4.409587317566176807e+02
4.409589219410544843e+02
4.409591108971463882e+02
4.409592986335070464e+02
4.409594851587050925e+02
4.409596704812639700e+02
4.409598546096040650e+02
4.409600375495218714e+02
4.409602193069643477e+02
4.409603998888961200e+02
4.409605793022616922e+02
4.409607575539851609e+02
4.409609346509704437e+02
4.409611106001012217e+02
4.409612854082408262e+02
4.409614590822324089e+02
4.409616316288987150e+02
4.409618030550424805e+02
4.409619733674458644e+02
4.409621425728710165e+02
4.409623106780597368e+02
4.409624776897335323e+02
4.409626436145936168e+02
4.409628084593211383e+02
4.409629722305766677e+02
4.409631349350008236e+02
4.409632965792137043e+02
4.409634571698153991e+02
4.409636167133854769e+02
4.409637752164833842e+02
4.409639326856483308e+02
4.409640891273991770e+02
4.409642445482346034e+02
4.409643989546329408e+02
4.409645523530522837e+02
4.409647047499305472e+02
4.409648561516852396e+02
4.409650065647137467e+02
4.409651559953931041e+02
4.409653044500800547e+02
4.409654519351112185e+02
4.409655984568028089e+02
4.409657440214508597e+02
4.409658886353311118e+02
4.409660323046990129e+02
4.409661750357898313e+02
4.409663168348184286e+02
4.409664577079796004e+02
4.409665976614477358e+02
4.409667367013769876e+02
4.409668748339012154e+02
4.409670120651341563e+02
4.409671484011690836e+02
4.409672838480792052e+02
4.409674184119172651e+02
4.409675520987159416e+02
4.409676849144875064e+02
4.409678168652240515e+02
4.409679479568973193e+02
4.409680781954589293e+02
4.409682075868400375e+02
4.409683361369517343e+02
4.409684638516847599e+02
4.409685907369095617e+02
4.409687167984764073e+02
4.409688420422151580e+02
4.409689664739356090e+02
4.409690900994270919e+02
4.409692129244588727e+02
4.409693349547797538e+02
4.409694561961184718e+02
4.409695766541832995e+02
4.409696963346624443e+02
4.409698152432237066e+02
4.409699333855147074e+02
4.409700507671626610e+02
4.409701673937747728e+02
4.409702832709377844e+02
4.409703984042182014e+02
4.409705127991623499e+02
4.409706264603427144e+02
4.409707393875091270e+02
4.409708515841718963e+02
4.409709630545980303e+02
4.409710738030451580e+02
4.409711838337613017e+02
4.409712931509848772e+02
4.409714017589450350e+02
4.409715096618611483e+02
4.409716168639433249e+02
4.409717233693919525e+02
4.409718291823979825e+02
4.409719343071429307e+02
4.409720387477987060e+02
4.409721425085277247e+02
4.409722455934829100e+02
4.409723480068076924e+02
4.409724497526358959e+02
4.409725508350919654e+02
4.409726512582907958e+02
4.409727510263376757e+02
4.409728501433285146e+02
4.409729486133495584e+02
4.409730464404777308e+02
4.409731436287802921e+02
4.409732401823150667e+02
4.409733361051302722e+02
4.409734314012648042e+02
4.409735260747478378e+02
4.409736201295991691e+02
4.409737135698289876e+02
4.409738063994381037e+02
4.409738986224177211e+02
4.409739902427494940e+02
4.409740812644056405e+02
4.409741716913488290e+02
4.409742615275322919e+02
4.409743507768996551e+02
4.409744394433850516e+02
4.409745275309131216e+02
4.409746150433990692e+02
4.409747019847483784e+02
4.409747883588572677e+02
4.409748741696122352e+02
4.409749594208904568e+02
4.409750441165594452e+02
4.409751282604772200e+02
4.409752118564924217e+02
4.409752949084440274e+02
4.409753774201615784e+02
4.409754593954650659e+02
4.409755408381649886e+02
4.409756217520622954e+02
4.409757021409486129e+02
4.409757820086057336e+02
4.409758613588061849e+02
4.409759401953128872e+02
4.409760185218793254e+02
4.409760963422493774e+02
4.409761736601574285e+02
4.409762504793283711e+02
4.409763268034776615e+02
4.409764026363110929e+02
4.409764779815250790e+02
4.409765528428064272e+02
4.409766272238325087e+02
4.409767011282711451e+02
4.409767745578221820e+02
4.409768475121828146e+02
4.409769199940957378e+02
4.409769920063604332e+02
4.409770635517691630e+02
4.409771346331071413e+02
4.409772052531521922e+02
4.409772754146750913e+02
4.409773451204394519e+02
4.409774143732014977e+02
4.409774831757104607e+02
4.409775515307082969e+02
4.409776194409297432e+02
4.409776869091024309e+02
4.409777539379467157e+02
4.409778205301757907e+02
4.409778866884956869e+02
4.409779524156051593e+02
4.409780177141958575e+02
4.409780825869521550e+02
4.409781470365513769e+02
4.409782110656634586e+02
4.409782746769513437e+02
4.409783378730705863e+02
4.409784006566697485e+02
4.409784630303900030e+02
4.409785249968654739e+02
4.409785865587230660e+02
4.409786477185824083e+02
4.409787084790560243e+02
4.409787688427492753e+02
4.409788288122601898e+02
4.409788883901796908e+02
4.409789475790915958e+02
4.409790063815723329e+02
4.409790648001913382e+02
4.409791228375106584e+02
4.409791804960853483e+02
4.409792377784630730e+02
4.409792946871845061e+02
4.409793512247829881e+02
4.409794073937846974e+02
4.409794631967085934e+02
4.409795186360665298e+02
4.409795737143631413e+02
4.409796284340957300e+02
4.409796827977546627e+02
4.409797368078228601e+02
4.409797904667761941e+02
4.409798437770833175e+02
4.409798967412057209e+02
4.409799493615976189e+02
4.409800016407060639e+02
4.409800535809709459e+02
4.409801051848249926e+02
4.409801564546936561e+02
4.409802073929952257e+02
4.409802580021408289e+02
4.409803082845343738e+02
4.409803582425726063e+02
4.409804078786449963e+02
4.409804571951339085e+02
4.409805061944144882e+02
4.409805548788547185e+02
4.409806032504336599e+02
4.409806513096048661e+02
4.409806990580075876e+02
4.409807464974598474e+02
4.409807936297750643e+02
4.409808404567623938e+02
4.409808869802264439e+02
4.409809332019674457e+02
4.409809791237810259e+02
4.409810247474585481e+02
4.409810700747867713e+02
4.409811151075480211e+02
4.409811598475203027e+02
4.409812042964769603e+02
4.409812484561871315e+02
4.409812923284152362e+02
4.409813359149214875e+02
4.409813792174614377e+02
4.409814222377863189e+02
4.409814649776428723e+02
4.409815074387734057e+02
4.409815496229156793e+02
4.409815915318031898e+02
4.409816331671647731e+02
4.409816745307248880e+02
4.409817156242036162e+02
4.409817564493165492e+02
4.409817970077747304e+02
4.409818373012848269e+02
4.409818773315491285e+02
4.409819171002653206e+02
4.409819566091267120e+02
4.409819958598222343e+02
4.409820348540361579e+02
4.409820735934485469e+02
4.409821120797348044e+02
4.409821503145660131e+02
4.409821882996087652e+02
4.409822260365252191e+02
4.409822635269729858e+02
4.409823007726053561e+02
4.409823377750710733e+02
4.409823745360144471e+02
4.409824110570754101e+02
4.409824473398893474e+02
4.409824833860872104e+02
4.409825191972955167e+02
4.409825547751362933e+02
4.409825901212272470e+02
4.409826252371814235e+02
4.409826601246075484e+02
4.409826947851099135e+02
4.409827292202882631e+02
4.409827634317379648e+02
4.409827974210499519e+02
4.409828311898105540e+02
4.409828647396018368e+02
4.409828980720012623e+02
4.409829311885819720e+02
4.409829640909125601e+02
4.409829967805572437e+02
4.409830292590756926e+02
4.409830615280231427e+02
4.409830935889505099e+02
4.409831254434040488e+02
4.409831570929256941e+02
4.409831885390529465e+02
4.409832197833187593e+02
4.409832508272517089e+02
4.409832816723758810e+02
4.409833123197639111e+02
4.409833427701843789e+02
4.409833730246940604e+02
4.409834030843493338e+02
4.409834329502065771e+02
4.409834626233218273e+02
4.409834921047510647e+02
4.409835213955498716e+02
4.409835504967738302e+02
4.409835794094781818e+02
4.409836081347179970e+02
4.409836366735481761e+02
4.409836650270233918e+02
4.409836931961981463e+02
4.409837211821266578e+02
4.409837489858630306e+02
4.409837766084611985e+02
4.409838040509746975e+02
4.409838313144570634e+02
4.409838583999616048e+02
4.409838853085412893e+02
4.409839120412490274e+02
4.409839385991374456e+02
4.409839649832589998e+02
4.409839911946659754e+02
4.409840172344104303e+02
4.409840431035441952e+02
4.409840688031188165e+02
4.409840943341858974e+02
4.409841196977965865e+02
4.409841448950019185e+02
4.409841699268527009e+02
4.409841947943996843e+02
4.409842194986931645e+02
4.409842440407834374e+02
4.409842684217205147e+02
4.409842926425542373e+02
4.409843167043342191e+02
4.409843406081098465e+02
4.409843643549303351e+02
4.409843879458447873e+02
4.409844113819019071e+02
4.409844346641503421e+02
4.409844577936384553e+02
4.409844807714145531e+02
4.409845035985266009e+02
4.409845262760223363e+02
4.409845488049494406e+02
4.409845711863551969e+02
4.409845934212869452e+02
4.409846155107915706e+02
4.409846374559158448e+02
4.409846592577064257e+02
4.409846809172096869e+02
4.409847024354717746e+02
4.409847238135387215e+02
4.409847450524562191e+02
4.409847661532699021e+02
4.409847871170251210e+02
4.409848079447670557e+02
4.409848286375407156e+02
4.409848491963907691e+02
4.409848696223618276e+02
4.409848899164982754e+02
4.409849100798442691e+02
4.409849301134436814e+02
4.409849500183403848e+02
4.409849697955778538e+02
4.409849894461994495e+02
4.409850089712483054e+02
4.409850283717674415e+02
4.409850476487994797e+02
4.409850668033870420e+02
4.409850858365724662e+02
4.409851047493978626e+02
4.409851235429051144e+02
4.409851422181360476e+02
4.409851607759317176e+02
4.409851792163959772e+02
4.409851975399382127e+02
4.409852157470145926e+02
4.409852338380868559e+02
4.409852518136220851e+02
4.409852696740930469e+02
4.409852874199777943e+02
4.409853050517600650e+02
4.409853225699289965e+02
4.409853399749792970e+02
4.409853572674111319e+02
4.409853744477301234e+02
4.409853915164474074e+02
4.409854084740796907e+02
4.409854253211491937e+02
4.409854420581834802e+02
4.409854586857157415e+02
4.409854752042846258e+02
4.409854916144343520e+02
4.409855079167145391e+02
4.409855241116803199e+02
4.409855401998923980e+02
4.409855561819168770e+02
4.409855720583254879e+02
4.409855878296953051e+02
4.409856034966090306e+02
4.409856190596547663e+02
4.409856345194262417e+02
4.409856498765225865e+02
4.409856651315483873e+02
4.409856802851138582e+02
4.409856953378346702e+02
4.409857102903318946e+02
4.409857251432322869e+02
4.409857398971678890e+02
4.409857545527763705e+02
4.409857691107009146e+02
4.409857835715901615e+02
4.409857979360982085e+02
4.409858122048847804e+02
4.409858263786149450e+02
4.409858404579593980e+02
4.409858544435942349e+02
4.409858683362011220e+02
4.409858821364671826e+02
4.409858958450851105e+02
4.409859094627529998e+02
4.409859229901744584e+02
4.409859364280586647e+02
4.409859497771203110e+02
4.409859630380794329e+02
4.409859762116616935e+02
4.409859892985982697e+02
4.409860022996257385e+02
4.409860152154863044e+02
4.409860280469275153e+02
4.409860407947025465e+02
4.409860534595700869e+02
4.409860660422941692e+02
4.409860785436444530e+02
4.409860909643960554e+02
4.409861033053296637e+02
4.409861155672313657e+02
4.409861277508927628e+02
4.409861398571110271e+02
4.409861518866887877e+02
4.409861638404341306e+02
4.409861757191606557e+02
4.409861875236875903e+02
4.409861992548394483e+02
4.409862109134464276e+02
4.409862225003441267e+02
4.409862340163736008e+02
4.409862454623815893e+02
4.409862568392201183e+02
4.409862681477468414e+02
4.409862793888248120e+02
4.409862905627519467e+02
4.409863016673279503e+02
4.409863127023285188e+02
4.409863236678796170e+02
4.409863345641163619e+02
4.409863453911831357e+02
4.409863561492335862e+02
4.409863668384305129e+02
4.409863774589459808e+02
4.409863880109613206e+02
4.409863984946670712e+02
4.409864089102629805e+02
4.409864192579580049e+02
4.409864295379704231e+02
4.409864397505276656e+02
4.409864498958664285e+02
4.409864599742326163e+02
4.409864699858813992e+02
4.409864799310771559e+02
4.409864898100934170e+02
4.409864996232131489e+02
4.409865093707283563e+02
4.409865190529403094e+02
4.409865286701596006e+02
4.409865382227060309e+02
4.409865477109084395e+02
4.409865571351052154e+02
4.409865664956437286e+02
4.409865757928806715e+02
4.409865850271819454e+02
4.409865941989227736e+02
4.409866033084874744e+02
4.409866123562696885e+02
4.409866213426722084e+02
4.409866302681072057e+02
4.409866391329958333e+02
4.409866479377687369e+02
4.409866566828656573e+02
4.409866653687356006e+02
4.409866739958367248e+02
4.409866825646365669e+02
4.409866910756118159e+02
4.409866995292483125e+02
4.409867079260412197e+02
4.409867162664950229e+02
4.409867245511231886e+02
4.409867327804486763e+02
4.409867409550034836e+02
4.409867490753289303e+02
4.409867571419755450e+02
4.409867651555031216e+02
4.409867731164806628e+02
4.409867810254863230e+02
4.409867888831076357e+02
4.409867966899412863e+02
4.409868044465931121e+02
4.409868121536783292e+02
4.409868198118213058e+02
4.409868274216556188e+02
4.409868349838241670e+02
4.409868424989790014e+02
4.409868499677814384e+02
4.409868573909020029e+02
4.409868647690204284e+02
4.409868721028257141e+02
4.409868793930161246e+02
4.409868866402990761e+02
4.409868938453913074e+02
4.409869010090187089e+02
4.409869081319163797e+02
4.409869152147549016e+02
4.409869222547728782e+02
4.409869292503113343e+02
4.409869362014590592e+02
4.409869431083113795e+02
4.409869499709698175e+02
4.409869567895423188e+02
4.409869635641432524e+02
4.409869702948932400e+02
4.409869769819192697e+02
4.409869836253548669e+02
4.409869902253396390e+02
4.409869967820197303e+02
4.409870032955475949e+02
4.409870097660820534e+02
4.409870161937882926e+02
4.409870225788378093e+02
4.409870289214085801e+02
4.409870352216847209e+02
4.409870414798568845e+02
4.409870476961220902e+02
4.409870538706836101e+02
4.409870600037511963e+02
4.409870660955407402e+02
4.409870721462747838e+02
4.409870781561819513e+02
4.409870841254974607e+02
4.409870900544627830e+02
4.409870959433256417e+02
4.409871017923402974e+02
4.409871076017673204e+02
4.409871133718735337e+02
4.409871191029322404e+02
4.409871247952231101e+02
4.409871304490320085e+02
4.409871360646513381e+02
4.409871416423797541e+02
4.409871471825223352e+02
4.409871526853904697e+02
4.409871581513019692e+02
4.409871635805808978e+02
4.409871689735577434e+02
4.409871743305693599e+02
4.409871796519589680e+02
4.409871849380760978e+02
4.409871901892766459e+02
4.409871954059228756e+02
4.409872005883834731e+02
4.409872057370333778e+02
4.409872108522539520e+02
4.409872159344329248e+02
4.409872209839642778e+02
4.409872260012485299e+02
4.409872309866923956e+02
4.409872359407090130e+02
4.409872408637178864e+02
4.409872457561448300e+02
4.409872506184221379e+02
4.409872554509883003e+02
4.409872602542882873e+02
4.409872650287733222e+02
4.409872697749011081e+02
4.409872744931356010e+02
4.409872791839471802e+02
4.409872838476122183e+02
4.409872884823776644e+02
4.409872930877826320e+02
4.409872976639051672e+02
4.409873022108268970e+02
4.409873067286326318e+02
4.409873112174103653e+02
4.409873156772515586e+02
4.409873201082509127e+02
4.409873245105064257e+02
4.409873288841193357e+02
4.409873332291942347e+02
4.409873375458390115e+02
4.409873418341649085e+02
4.409873460942862948e+02
4.409873503263209500e+02
4.409873545303900073e+02
4.409873587066178402e+02
4.409873628551320053e+02
4.409873669760635835e+02
4.409873710695467821e+02
4.409873751357191622e+02
4.409873791747215250e+02
4.409873831866980822e+02
4.409873871717962288e+02
4.409873911301667704e+02
4.409873950619637526e+02
4.409873989673444044e+02
4.409874028464694788e+02
4.409874066995027988e+02
4.409874105266117112e+02
4.409874143279666896e+02
4.409874181037415042e+02
4.409874218541133359e+02
4.409874255792626059e+02
4.409874292793729751e+02
4.409874329546315153e+02
4.409874366052285382e+02
4.409874402313575956e+02
4.409874438332155933e+02
4.409874474110027904e+02
4.409874509649226297e+02
4.409874544951819075e+02
4.409874580019907739e+02
4.409874614855625623e+02
4.409874649461139597e+02
4.409874683838649503e+02
4.409874717990388149e+02
4.409874751918621882e+02
4.409874785625648883e+02
4.409874819113800868e+02
4.409874852385442523e+02
4.409874885442971504e+02
4.409874918288819003e+02
4.409874950925447479e+02
4.409874983355354630e+02
4.409875015581069420e+02
4.409875047605154919e+02
4.409875079430206029e+02
4.409875111058851189e+02
4.409875142493751810e+02
4.409875173737602836e+02
4.409875204793131047e+02
4.409875235663097328e+02
4.409875266350294396e+02
4.409875296857549074e+02
4.409875327183825675e+02
4.409875357323048206e+02
4.409875387275212688e+02
4.409875417040511252e+02
4.409875446619162744e+02
4.409875476011416708e+02
4.409875505217548834e+02
4.409875534237864940e+02
4.409875563072698696e+02
4.409875591722413333e+02
4.409875620187398795e+02
4.409875648468075156e+02
4.409875676564890910e+02
4.409875704478321268e+02
4.409875732208872137e+02
4.409875759757076708e+02
4.409875787123497730e+02
4.409875814308724671e+02
4.409875841313377123e+02
4.409875868138103101e+02
4.409875894783578474e+02
4.409875921250508100e+02
4.409875947539624121e+02
4.409875973651689947e+02
4.409875999587493993e+02
4.409876025347856512e+02
4.409876050933623901e+02
4.409876076345672118e+02
4.409876101584905541e+02
4.409876126652256403e+02
4.409876151548687062e+02
4.409876176275186594e+02
4.409876200832774202e+02
4.409876225222495236e+02
4.409876249445426879e+02
4.409876273502671893e+02
4.409876297395362599e+02
4.409876321124660876e+02
4.409876344691755321e+02
4.409876368097864656e+02
4.409876391344234889e+02
4.409876414432141019e+02
4.409876437362887032e+02
4.409876460137804770e+02
4.409876482758254497e+02
4.409876505225625465e+02
4.409876527541335918e+02
4.409876549706831383e+02
4.409876571723586949e+02
4.409876593593104985e+02
4.409876615316917992e+02
4.409876636896585751e+02
4.409876658333697605e+02
4.409876679629869614e+02
4.409876700786749097e+02
4.409876721806008959e+02
4.409876742689352795e+02
4.409876763438512057e+02
4.409876784055246048e+02
4.409876804541343631e+02
4.409876824898620953e+02
4.409876845128924288e+02
4.409876865234127195e+02
4.409876885216131654e+02
4.409876905076869207e+02
4.409876924818299813e+02
4.409876944442410149e+02
4.409876963951217590e+02
4.409876983346767361e+02
4.409877002631132541e+02
4.409877021806415200e+02
4.409877040874745830e+02
4.409877059838284481e+02
4.409877078699217350e+02
4.409877097457987247e+02
4.409877116112060662e+02
4.409877134660464435e+02
4.409877153102302714e+02
4.409877171436727963e+02
4.409877189662938122e+02
4.409877207780178878e+02
4.409877225787741963e+02
4.409877243684967993e+02
4.409877261471241923e+02
4.409877279145997022e+02
4.409877296708713175e+02
4.409877314158916874e+02
4.409877331496181796e+02
4.409877348720128794e+02
4.409877365830424765e+02
4.409877382826783787e+02
4.409877399708967118e+02
4.409877416476783196e+02
4.409877433130085933e+02
4.409877449668777558e+02
4.409877466092806344e+02
4.409877482402167743e+02
4.409877498596903820e+02
4.409877514677104955e+02
4.409877530642905867e+02
4.409877546494489593e+02
4.409877562232086348e+02
4.409877577855972959e+02
4.409877593366472865e+02
4.409877608763956118e+02
4.409877624048839948e+02
4.409877639221588765e+02
4.409877654282713593e+02
4.409877669232772064e+02
4.409877684072369561e+02
4.409877698802157511e+02
4.409877713422833381e+02
4.409877727935144094e+02
4.409877742339880911e+02
4.409877756637883408e+02
4.409877770830037207e+02
4.409877784917275676e+02
4.409877798900578227e+02
4.409877812780971453e+02
4.409877826559528557e+02
4.409877840237371061e+02
4.409877853815664821e+02
4.409877867295624583e+02
4.409877880678511133e+02
4.409877893965633007e+02
4.409877907158343646e+02
4.409877920258045947e+02
4.409877933266187711e+02
4.409877946184263919e+02
4.409877959013817303e+02
4.409877971756437205e+02
4.409877984413759009e+02
4.409877996987465849e+02
4.409878009479287471e+02
4.409878021891000230e+02
4.409878034224427665e+02
4.409878046481439924e+02
4.409878058663954334e+02
4.409878070773934837e+02
4.409878082813393121e+02
4.409878094784385780e+02
4.409878106689018296e+02
4.409878118529442190e+02
4.409878130307855031e+02
4.409878142026503269e+02
4.409878153687678832e+02
4.409878165293720258e+02
4.409878176847013833e+02
4.409878188349991888e+02
4.409878199805134500e+02
4.409878211214968360e+02
4.409878222582066769e+02
4.409878233909049072e+02
4.409878245198295872e+02
4.409878256435320623e+02
4.409878267609987006e+02
4.409878278721188281e+02
4.409878289767872843e+02
4.409878300749045366e+02
4.409878311663767363e+02
4.409878322511155488e+02
4.409878333290383239e+02
4.409878344000679817e+02
4.409878354641331271e+02
4.409878365211678783e+02
4.409878375711120952e+02
4.409878386139110944e+02
4.409878396495159905e+02
4.409878406778833551e+02
4.409878416989754442e+02
4.409878427127601412e+02
4.409878437192109004e+02
4.409878447183068602e+02
4.409878457100327296e+02
4.409878466943787885e+02
4.409878476713410009e+02
4.409878486409209017e+02
4.409878496031257100e+02
4.409878505579682155e+02
4.409878515054667218e+02
4.409878524456453306e+02
4.409878533785336572e+02
4.409878543041669445e+02
4.409878552225860631e+02
4.409878561338375107e+02
4.409878570379732992e+02
4.409878579350511814e+02
4.409878588251344809e+02
4.409878597082921488e+02
4.409878605845987067e+02
4.409878614541343040e+02
4.409878623169848311e+02
4.409878631732415215e+02
4.409878640230015208e+02
4.409878648663673744e+02
4.409878657034474259e+02
4.409878665343553621e+02
4.409878673592108385e+02
4.409878681781387968e+02
4.409878689912700338e+02
4.409878697987408600e+02
4.409878706006931566e+02
4.409878713972744890e+02
4.409878721886379935e+02
4.409878729749425474e+02
4.409878737563524282e+02
4.409878745330377114e+02
4.409878753051739864e+02
4.409878760729425267e+02
4.409878768365301198e+02
4.409878775961292945e+02
4.409878783519381500e+02
4.409878791041602994e+02
4.409878798530051540e+02
4.409878805986875250e+02
4.409878813414280785e+02
4.409878820814528808e+02
4.409878828189937963e+02
4.409878835542880893e+02
4.409878842875637019e+02
4.409878850176523883e+02
4.409878857436524981e+02
4.409878864654979225e+02
4.409878871831259630e+02
4.409878878964773321e+02
4.409878886054962095e+02
4.409878893101302424e+02
4.409878900103303181e+02
4.409878907060509619e+02
4.409878913972500527e+02
4.409878920838888234e+02
4.409878927659320311e+02
4.409878934433477866e+02
4.409878941161077250e+02
4.409878947841867216e+02
4.409878954475633464e+02
4.409878961062193525e+02
4.409878967601400745e+02
4.409878974093141437e+02
4.409878980537337725e+02
4.409878986933944702e+02
4.409878993282952138e+02
4.409878999584384474e+02
4.409879005838300259e+02
4.409879012044791011e+02
4.409879018203985197e+02
4.409879024316042546e+02
4.409879030381159168e+02
4.409879036399564711e+02
4.409879042371523497e+02
4.409879048297332815e+02
4.409879054177325770e+02
4.409879060011869569e+02
4.409879065801363822e+02
4.409879071546245086e+02
4.409879077246982888e+02
4.409879082904080292e+02
4.409879088518075605e+02
4.409879094089541240e+02
4.409879099619083718e+02
4.409879105107344230e+02
4.409879110554998078e+02
4.409879115962753531e+02
4.409879121331355805e+02
4.409879126661581381e+02
4.409879131954243690e+02
4.409879137210187992e+02
4.409879142430296497e+02
4.409879147615482680e+02
4.409879152766696393e+02
4.409879157884921597e+02
4.409879162971175788e+02
4.409879168026510570e+02
4.409879173052013357e+02
4.409879178048803396e+02
4.409879183018036315e+02
4.409879187960900708e+02
4.409879192878620984e+02
4.409879197772453381e+02
4.409879202643691087e+02
4.409879207493659692e+02
4.409879212323719457e+02
4.409879217135265321e+02
4.409879221929726327e+02
4.409879226708565625e+02
4.409879231473247501e+02
4.409879236219454128e+02
4.409879240942835281e+02
4.409879245642666774e+02
4.409879250318255117e+02
4.409879254968932969e+02
4.409879259594064820e+02
4.409879264193040740e+02
4.409879268765282632e+02
4.409879273310239114e+02
4.409879277827387796e+02
4.409879282316236413e+02
4.409879286776319987e+02
4.409879291207202527e+02
4.409879295608478174e+02
4.409879299979768348e+02
4.409879304320723463e+02
4.409879308631023491e+02
4.409879312910376825e+02
4.409879317158520280e+02
4.409879321375219661e+02
4.409879325560269763e+02
4.409879329713494371e+02
4.409879333834744557e+02
4.409879337923902654e+02
4.409879341980877712e+02
4.409879346005608340e+02
4.409879349998061571e+02
4.409879353958234560e+02
4.409879357886151183e+02
4.409879361781865441e+02
4.409879365645460325e+02
4.409879369477046680e+02
4.409879373276764341e+02
4.409879377044782132e+02
4.409879380781297868e+02
4.409879384486537788e+02
4.409879388160757685e+02
4.409879391804240640e+02
4.409879395417299861e+02
4.409879399000276976e+02
4.409879402553542036e+02
4.409879406077494082e+02
4.409879409572561144e+02
4.409879413039199676e+02
4.409879416477895120e+02
4.409879419889161909e+02
4.409879423273543466e+02
4.409879426631610499e+02
4.409879429963964412e+02
4.409879433271233893e+02
4.409879436554077756e+02
4.409879439813182671e+02
4.409879443049264296e+02
4.409879446263067280e+02
4.409879449455364124e+02
4.409879452626958027e+02
4.409879455778678903e+02
4.409879458911386791e+02
4.409879462025970156e+02
4.409879465123345881e+02
4.409879468204460409e+02
4.409879471270288036e+02
4.409879474321832049e+02
4.409879477360125293e+02
4.409879480386229034e+02
4.409879483401232392e+02
4.409879486406254614e+02
4.409879489402442800e+02
4.409879492390973610e+02
4.409879495373051554e+02
4.409879498349910705e+02
4.409879501322812985e+02
4.409879504293051014e+02
4.409879507261942422e+02
4.409879510228619210e+02
4.409879513190607554e+02
4.409879516146548895e+02
4.409879519095127876e+02
4.409879522035072910e+02
4.409879524965156179e+02
4.409879527884192498e+02
4.409879530791041020e+02
4.409879533684602961e+02
4.409879536563825013e+02
4.409879539427695363e+02
4.409879542275246536e+02
4.409879545105554257e+02
4.409879547917738023e+02
4.409879550710960530e+02
4.409879553484427674e+02
4.409879556237388556e+02
4.409879558969136610e+02
4.409879561679008475e+02
4.409879564366383988e+02
4.409879567030685621e+02
4.409879569671380750e+02
4.409879572287979386e+02
4.409879574880034738e+02
4.409879577447143788e+02
4.409879579988947285e+02
4.409879582505128610e+02
4.409879584995415485e+02
4.409879587459578261e+02
4.409879589897431060e+02
4.409879592308831775e+02
4.409879594693680929e+02
4.409879597051922815e+02
4.409879599383546065e+02
4.409879601688581374e+02
4.409879603967103208e+02
4.409879606219229800e+02
4.409879608445122585e+02
4.409879610644987338e+02
4.409879612819071895e+02
4.409879614967667862e+02
4.409879617091110617e+02
4.409879619189778737e+02
4.409879621264095135e+02
4.409879623314524224e+02
4.409879625341575888e+02
4.409879627345801509e+02
4.409879629327798511e+02
4.409879631288204678e+02
4.409879633227703266e+02
4.409879635147020167e+02
4.409879637046925609e+02
4.409879638928231884e+02
4.409879640791795623e+02
4.409879642638516657e+02
4.409879644469338018e+02
4.409879646285247077e+02
4.409879648087273267e+02
4.409879649876490930e+02
4.409879651654015902e+02
4.409879653421009493e+02
4.409879655178675080e+02
4.409879656928260374e+02
4.409879658671055722e+02
4.409879660408395239e+02
4.409879662141656809e+02
4.409879663872260949e+02
4.409879665601672514e+02
4.409879667331398991e+02
4.409879669062992207e+02
4.409879670798046618e+02
4.409879672538199884e+02
4.409879674285134001e+02
4.409879676040574168e+02
4.409879677806288782e+02
4.409879679584088876e+02
4.409879681375830387e+02
4.409879683183412453e+02
4.409879685008776278e+02
4.409879686853583394e+02
4.409879688704929777e+02
4.409879690554249692e+02
4.409879692400177760e+02
4.409879694241400898e+02
4.409879696076658320e+02
4.409879697904742102e+02
4.409879699724497755e+02
4.409879701534822516e+02
4.409879703334665919e+02
4.409879705123031499e+02
4.409879706898974518e+02
4.409879708661602535e+02
4.409879710410075973e+02
4.409879712143608685e+02
4.409879713861466257e+02
4.409879715562967135e+02
4.409879717247482631e+02
4.409879718914436921e+02
4.409879720563305341e+02
4.409879722193618363e+02
4.409879723804956484e+02
4.409879725396954200e+02
4.409879726969298872e+02
4.409879728521729589e+02
4.409879730054039442e+02
4.409879731566072110e+02
4.409879733057725844e+02
4.409879734528950621e+02
4.409879735979748716e+02
4.409879737410175835e+02
4.409879738820339981e+02
4.409879740210402019e+02
4.409879741580575114e+02
4.409879742931124724e+02
4.409879744262369172e+02
4.409879745574680783e+02
4.409879746868482471e+02
4.409879748144250584e+02
4.409879749402514904e+02
4.409879750643855800e+02
4.409879751868909352e+02
4.409879753078361091e+02
4.409879754272951118e+02
4.409879755453471262e+02
4.409879756620766784e+02
4.409879757775735243e+02
4.409879758919326491e+02
4.409879760052543247e+02
4.409879761176441093e+02
4.409879762292127907e+02
4.409879763400764432e+02
4.409879764503563706e+02
4.409879765601791632e+02
4.409879766696766978e+02
4.409879767789860239e+02
4.409879768882496478e+02
4.409879769976150783e+02
4.409879771072352810e+02
4.409879772172684511e+02
4.409879773278779567e+02
4.409879774392325658e+02
4.409879775515061624e+02
4.409879776648780307e+02
4.409879777795326277e+02
4.409879778956596397e+02
4.409879780134542102e+02
4.409879781329661910e+02
4.409879782527960970e+02
4.409879783724813933e+02
4.409879784919334611e+02
4.409879786110673194e+02
4.409879787298012843e+02
4.409879788480572529e+02
4.409879789657603624e+02
4.409879790828393880e+02
4.409879791992264586e+02
4.409879793148570570e+02
4.409879794296703039e+02
4.409879795436085033e+02
4.409879796566176537e+02
4.409879797686469942e+02
4.409879798796492878e+02
4.409879799895807082e+02
4.409879800984009535e+02
4.409879802060729617e+02
4.409879803125633089e+02
4.409879804178419249e+02
4.409879805218821502e+02
4.409879806246608496e+02
4.409879807261581846e+02
4.409879808263578980e+02
4.409879809252470864e+02
4.409879810228163706e+02
4.409879811190596115e+02
4.409879812139743649e+02
4.409879813075614265e+02
4.409879813998251166e+02
4.409879814907731657e+02
4.409879815804168288e+02
4.409879816687706011e+02
4.409879817558526156e+02
4.409879818416843591e+02
4.409879819262907290e+02
4.409879820097000902e+02
4.409879820919442750e+02
4.409879821730584695e+02
4.409879822530814408e+02
4.409879823320551964e+02
4.409879824100253245e+02
4.409879824870408243e+02
4.409879825631541053e+02
4.409879826384210446e+02
4.409879827129009300e+02
4.409879827866565165e+02
4.409879828597539131e+02
4.409879829322627529e+02
4.409879830042561366e+02
4.409879830758105186e+02
4.409879831470057638e+02
4.409879832179252617e+02
4.409879832886558120e+02
4.409879833592876821e+02
4.409879834299144932e+02
4.409879835006333906e+02
4.409879835715448166e+02
4.409879836427528517e+02
4.409879837143649297e+02
4.409879837864917818e+02
4.409879838592478336e+02
4.409879839327506943e+02
4.409879840071216108e+02
4.409879840824851271e+02
4.409879841589693115e+02
4.409879842365378408e+02
4.409879843145242830e+02
4.409879843927660659e+02
4.409879844711753094e+02
4.409879845496671464e+02
4.409879846281597793e+02
4.409879847065741956e+02
4.409879847848345662e+02
4.409879848628679042e+02
4.409879849406042354e+02
4.409879850179766549e+02
4.409879850949210436e+02
4.409879851713764083e+02
4.409879852472846551e+02
4.409879853225908164e+02
4.409879853972426531e+02
4.409879854711911662e+02
4.409879855443901420e+02
4.409879856167963794e+02
4.409879856883697471e+02
4.409879857590730694e+02
4.409879858288720129e+02
4.409879858977353706e+02
4.409879859656348344e+02
4.409879860325451659e+02
4.409879860984439688e+02
4.409879861633119731e+02
4.409879862271327511e+02
4.409879862898928877e+02
4.409879863515820375e+02
4.409879864121926971e+02
4.409879864717204896e+02
4.409879865301638233e+02
4.409879865875242899e+02
4.409879866438063232e+02
4.409879866990173696e+02
4.409879867531678883e+02
4.409879868062712376e+02
4.409879868583439020e+02
4.409879869094050946e+02
4.409879869594772686e+02
4.409879870085856624e+02
4.409879870567586408e+02
4.409879871040274679e+02
4.409879871504263633e+02
4.409879871959925026e+02
4.409879872407662447e+02
4.409879872847906199e+02
4.409879873281118421e+02
4.409879873707790807e+02
4.409879874128444044e+02
4.409879874543629512e+02
4.409879874953927583e+02
4.409879875359948755e+02
4.409879875762333654e+02
4.409879876161751895e+02
4.409879876558903220e+02
4.409879876954517499e+02
4.409879877349353592e+02
4.409879877744201622e+02
4.409879878139879565e+02
4.409879878537236664e+02
4.409879878937151148e+02
4.409879879340531375e+02
4.409879879748315261e+02
4.409879880161470851e+02
4.409879880580995177e+02
4.409879881007915969e+02
4.409879881443290515e+02
4.409879881888205091e+02
4.409879882343777240e+02
4.409879882811152925e+02
4.409879883291507667e+02
4.409879883786048822e+02
4.409879884295681336e+02
4.409879884817713673e+02
4.409879885350100608e+02
4.409879885891417644e+02
4.409879886440281211e+02
4.409879886995354354e+02
4.409879887555342179e+02
4.409879888118994131e+02
4.409879888685102856e+02
4.409879889252505336e+02
4.409879889820082326e+02
4.409879890386758348e+02
4.409879890951500556e+02
4.409879891513321581e+02
4.409879892071276117e+02
4.409879892624464333e+02
4.409879893172028460e+02
4.409879893713155639e+02
4.409879894247076777e+02
4.409879894773065416e+02
4.409879895290439435e+02
4.409879895798561620e+02
4.409879896296836250e+02
4.409879896784713651e+02
4.409879897261685642e+02
4.409879897727290086e+02
4.409879898181106910e+02
4.409879898622760379e+02
4.409879899051917960e+02
4.409879899468292592e+02
4.409879899871638713e+02
4.409879900261755665e+02
4.409879900638487129e+02
4.409879901001718849e+02
4.409879901351381477e+02
4.409879901687450001e+02
4.409879902009941475e+02
4.409879902318917857e+02
4.409879902614484308e+02
4.409879902896790895e+02
4.409879903166029749e+02
4.409879903422437906e+02
4.409879903666295604e+02
4.409879903897926852e+02
4.409879904117699994e+02
4.409879904326026576e+02
4.409879904523361347e+02
4.409879904710204528e+02
4.409879904887098405e+02
4.409879905054629603e+02
4.409879905213428515e+02
4.409879905364169872e+02
4.409879905507570470e+02
4.409879905644393148e+02
4.409879905775442239e+02
4.409879905901567554e+02
4.409879906023661533e+02
4.409879906142660957e+02
4.409879906259546374e+02
4.409879906375341534e+02
4.409879906491115094e+02
4.409879906607977773e+02
4.409879906727085199e+02
4.409879906849636200e+02
4.409879906976873940e+02
4.409879907110085355e+02
4.409879907250600013e+02
4.409879907399792955e+02
4.409879907559081289e+02
4.409879907729926458e+02
4.409879907913834245e+02
4.409879908112353064e+02
4.409879908327076805e+02
4.409879908559641422e+02
4.409879908811727205e+02
4.409879909085057648e+02
4.409879909381401717e+02
4.409879909702570444e+02
4.409879910050419198e+02
4.409879910426792549e+02
4.409879910820901046e+02
4.409879911222574265e+02
4.409879911630397373e+02
4.409879912043007835e+02
4.409879912459094271e+02
4.409879912877398738e+02
4.409879913296715017e+02
4.409879913715889188e+02
4.409879914133817920e+02
4.409879914549451314e+02
4.409879914961791769e+02
4.409879915369892842e+02
4.409879915772860954e+02
4.409879916169853686e+02
4.409879916560081483e+02
4.409879916942807085e+02
4.409879917317343825e+02
4.409879917683059034e+02
4.409879918039370637e+02
4.409879918385748852e+02
4.409879918721717331e+02
4.409879919046850318e+02
4.409879919360774352e+02
4.409879919663168266e+02
4.409879919953763192e+02
4.409879920232341988e+02
4.409879920498740375e+02
4.409879920752844100e+02
4.409879920994593476e+02
4.409879921223979409e+02
4.409879921441045667e+02
4.409879921645887180e+02
4.409879921838651740e+02
4.409879922019538867e+02
4.409879922188799810e+02
4.409879922346738681e+02
4.409879922493711319e+02
4.409879922630125293e+02
4.409879922756441033e+02
4.409879922873170131e+02
4.409879922980877041e+02
4.409879923080177377e+02
4.409879923171740188e+02
4.409879923256284542e+02
4.409879923334584078e+02
4.409879923407463025e+02
4.409879923475797341e+02
4.409879923540515847e+02
4.409879923602599092e+02
4.409879923663080490e+02
4.409879923723044044e+02
4.409879923783627191e+02
4.409879923846018528e+02
4.409879923911459514e+02
4.409879923981242769e+02
4.409879924056713776e+02
4.409879924139269747e+02
4.409879924230360189e+02
4.409879924331486336e+02
4.409879924444201720e+02
4.409879924570112166e+02
4.409879924710874661e+02
4.409879924868199055e+02
4.409879925043847493e+02
4.409879925239633849e+02
4.409879925457423724e+02
4.409879925699135015e+02
4.409879925956254283e+02
4.409879926218535502e+02
4.409879926485028818e+02
4.409879926754821895e+02
4.409879927027034796e+02
4.409879927300823397e+02
4.409879927575378815e+02
4.409879927849926275e+02
4.409879928123726245e+02
4.409879928396073865e+02
4.409879928666298952e+02
4.409879928933765996e+02
4.409879929197874731e+02
4.409879929458060701e+02
4.409879929713791853e+02
4.409879929964572511e+02
4.409879930209942245e+02
4.409879930449474159e+02
4.409879930682777172e+02
4.409879930909494874e+02
4.409879931129304964e+02
4.409879931341920951e+02
4.409879931547091019e+02
4.409879931744596888e+02
4.409879931934256660e+02
4.409879932115922543e+02
4.409879932289482554e+02
4.409879932454857681e+02
4.409879932612004723e+02
4.409879932760916290e+02
4.409879932901617963e+02
4.409879933034171700e+02
4.409879933158673566e+02
4.409879933275254302e+02
4.409879933384079891e+02
4.409879933485350989e+02
4.409879933579302360e+02
4.409879933666205716e+02
4.409879933746364600e+02
4.409879933820120073e+02
4.409879933887846732e+02
4.409879933949953283e+02
4.409879934006885378e+02
4.409879934059121638e+02
4.409879934107175927e+02
4.409879934151597922e+02
4.409879934192970268e+02
4.409879934231912557e+02
4.409879934269077353e+02
4.409879934305153597e+02
4.409879934340863770e+02
4.409879934376965593e+02
4.409879934414252602e+02
4.409879934453551300e+02
4.409879934495724569e+02
4.409879934541669400e+02
4.409879934592318023e+02
4.409879934648637345e+02
4.409879934711628380e+02
4.409879934782327950e+02
4.409879934861807556e+02
4.409879934951173368e+02
4.409879935051565667e+02
4.409879935164161111e+02
4.409879935290169328e+02
4.409879935430836326e+02
4.409879935587442787e+02
4.409879935752128972e+02
4.409879935913883173e+02
4.409879936072728128e+02
4.409879936228725228e+02
4.409879936381935863e+02
4.409879936532422562e+02
4.409879936680247852e+02
4.409879936825476534e+02
4.409879936968172274e+02
4.409879937108401577e+02
4.409879937246230384e+02
4.409879937381725767e+02
4.409879937514955941e+02
4.409879937645988548e+02
4.409879937774894074e+02
4.409879937901742437e+02
4.409879938026604123e+02
4.409879938149551890e+02
4.409879938270657931e+02
4.409879938389995573e+02
4.409879938507638713e+02
4.409879938623663520e+02
4.409879938738143892e+02
4.409879938851158272e+02
4.409879938962782262e+02
4.409879939073095443e+02
4.409879939182175690e+02
4.409879939290103721e+02
