2.000000000000000000e+00
2.000000000000000000e+00
1.985824627497642547e+00
1.971864679110136409e+00
1.958112681077508022e+00
1.944561663029100496e+00
1.931204896049575792e+00
1.918035891796284753e+00
1.905048402499267768e+00
1.892236420961255217e+00
1.879594180557665917e+00
1.867116155236609565e+00
1.854797017994775921e+00
1.842630583742220551e+00
1.830612129043158953e+00
1.818737762842486116e+00
1.807003666642584383e+00
1.795406094503322336e+00
1.783941373042055023e+00
1.772605901433624620e+00
1.761396151410359989e+00
1.750308667262076234e+00
1.739340065836075366e+00
1.728487036537146082e+00
1.717746341327563542e+00
1.707114814727090035e+00
1.696589363812973872e+00
1.686166968219950713e+00
1.675844680140242238e+00
1.665619624323557257e+00
1.655488998077091045e+00
1.645450071265525338e+00
1.635500492236921621e+00
1.625638661165943688e+00
1.615863012694737311e+00
1.606171996733711804e+00
1.596564078624846506e+00
1.587037739141690995e+00
1.577591474489364431e+00
1.568223796304556883e+00
1.558933231655527996e+00
1.549718323042107437e+00
1.540577628395695120e+00
1.531509721079260977e+00
1.522513189887345186e+00
1.513586639046057725e+00
1.504728688213079035e+00
1.495937972477658917e+00
1.487213142360618301e+00
1.478552863814347251e+00
1.469955818222806521e+00
1.461420702401526439e+00
1.452946228597607803e+00
1.444531124489721652e+00
1.436174142803056109e+00
1.427874563148666009e+00
1.419631922915651101e+00
1.411445643160639474e+00
1.403315143359237904e+00
1.395239841406030967e+00
1.387219153614582368e+00
1.379252494717432942e+00
1.371339277866102435e+00
1.363478914631089278e+00
1.355670815001869034e+00
1.347914387386897062e+00
1.340209038613605630e+00
1.332554173928406138e+00
1.324949196996688006e+00
1.317393509902818449e+00
1.309886513150144260e+00
1.302427605660989141e+00
1.295016184776655699e+00
1.287651646257424787e+00
1.280333384282555720e+00
1.273060791450285834e+00
1.265833258777830483e+00
1.258650175701384155e+00
1.251510930076118910e+00
1.244414908176185053e+00
1.237361494694711794e+00
1.230350072743806367e+00
1.223380203429386581e+00
1.216451950185295727e+00
1.209565091557215144e+00
1.202719378984497212e+00
1.195914560941867322e+00
1.189150382939424322e+00
1.182426587522640293e+00
1.175742914272360329e+00
1.169099099804803199e+00
1.162494877771560464e+00
1.155929978859597140e+00
1.149404130791251033e+00
1.142917058324234070e+00
1.136468483251630524e+00
1.130058124401898345e+00
1.123685697638868497e+00
1.117350915861745619e+00
1.111053489005106920e+00
1.104793124038903285e+00
1.098569524968458833e+00
1.092382392834470473e+00
1.086231425713009013e+00
1.080116318715517831e+00
1.074036763988813981e+00
1.067992450715087749e+00
1.061983065111901992e+00
1.056008290432193908e+00
1.050067806964273043e+00
1.044161292031822619e+00
1.038288419993898426e+00
1.032448862244930377e+00
1.026642287214721172e+00
1.020868360368446748e+00
1.015126753935176485e+00
1.009417515957269362e+00
1.003740641826674107e+00
9.980959748281480470e-01
9.924833570366332625e-01
9.869026293172568076e-01
9.813536313253310439e-01
9.758362015063533068e-01
9.703501770960060169e-01
9.648953941201565687e-01
9.594716873948576641e-01
9.540788905263466457e-01
9.487168359110462745e-01
9.433853547355643965e-01
9.380842769766936096e-01
9.328134314014118189e-01
9.275726455668820147e-01
9.223617458204518282e-01
9.171805572996547529e-01
9.120289039322088120e-01
9.069066084360168922e-01
9.018134923191675201e-01
8.967493758799336412e-01
8.917140782067739524e-01
8.867074171783317915e-01
8.817292094634354704e-01
8.767792705210987192e-01
8.718574146005200198e-01
8.669634547410831615e-01
8.620972027723567965e-01
8.572584693140948842e-01
8.524470637762360248e-01
8.476627943589043479e-01
8.429054680524087351e-01
8.381748906372432639e-01
8.334708666840873192e-01
8.287931995538045937e-01
8.241416913974446423e-01
8.195161431562417720e-01
8.149163545616153748e-01
8.103421241351697057e-01
8.057932491886945492e-01
8.012695359347241642e-01
7.967710346299593516e-01
7.922977113692803997e-01
7.878494416756084417e-01
7.834261009840158829e-01
7.790275646417263999e-01
7.746537079081144972e-01
7.703044059547058398e-01
7.659795338651772534e-01
7.616789666353567245e-01
7.574025791732229562e-01
7.531502462989063673e-01
7.489218427446877602e-01
7.447172431549995419e-01
7.405363220864251694e-01
7.363789540076988160e-01
7.322450132997062600e-01
7.281343742554838849e-01
7.240469110802193464e-01
7.199824978912516826e-01
7.159410087180706483e-01
7.119223175023172701e-01
7.079262980977834019e-01
7.039528242704123917e-01
7.000017696982985260e-01
6.960730079716869190e-01
6.921664125929741784e-01
6.882818569767077399e-01
6.844192144495861996e-01
6.805783582504594253e-01
6.767591615303280017e-01
6.729614973523438959e-01
6.691852386918100137e-01
6.654302584361804218e-01
6.616964293850605694e-01
6.579836242502061783e-01
6.542917156555249081e-01
6.506205761370752461e-01
6.469700781430665071e-01
6.433400940338594998e-01
6.397304960819656383e-01
6.361411564720478307e-01
6.325719473009202565e-01
6.290227405775474789e-01
6.254934082230457770e-01
6.219838220706821463e-01
6.184938538658750762e-01
6.150233752661937725e-01
6.115722578413584909e-01
6.081403730732410917e-01
6.047275923558638189e-01
6.013337869954005210e-01
5.979588282101762076e-01
5.946025871306663824e-01
5.912649373108598283e-01
5.879458467273683819e-01
5.846452638300940752e-01
5.813630976446551024e-01
5.780992572803267393e-01
5.748536519300415648e-01
5.716261908703891281e-01
5.684167834616161707e-01
5.652253391476269595e-01
5.620517674559823984e-01
5.588959779979010278e-01
5.557578804682581364e-01
5.526373846455864269e-01
5.495344003920757947e-01
5.464488376535731051e-01
5.433806064595827490e-01
5.403296169232656432e-01
5.372957792414405631e-01
5.342790036945832544e-01
5.312792006468262107e-01
5.282962805459596733e-01
5.253301539234306317e-01
5.223807313943433783e-01
5.194479236574595094e-01
5.165316414951975910e-01
5.136317957736336037e-01
5.107482974425001654e-01
5.078810575351876411e-01
5.050299871687434772e-01
5.021949975438717573e-01
4.993759999449345344e-01
4.965729057399502766e-01
4.937856263805951440e-01
4.910140734022022668e-01
4.882581584237618011e-01
4.855177931479213727e-01
4.827928893609854666e-01
4.800833589329159268e-01
4.773891138173318449e-01
4.747100660515091719e-01
4.720461277563813285e-01
4.693972111365386501e-01
4.667632284802287757e-01
4.641440921593566471e-01
4.615397146294840658e-01
4.589500084298301918e-01
4.563748861832712667e-01
4.538142605963408904e-01
4.512680444592295226e-01
4.487361506457850924e-01
4.462184921135124438e-01
4.437149819035736131e-01
4.412255331407879955e-01
4.387500590336321227e-01
4.362884728742394413e-01
4.338406880384008679e-01
4.314066179855641781e-01
4.289861762588345617e-01
4.265792764849744012e-01
4.241858323744028825e-01
4.218057577211969944e-01
4.194389664030900855e-01
4.170853723814733627e-01
4.147448897013948921e-01
4.124174324915598766e-01
4.101029149643307670e-01
4.078012514157272062e-01
4.055123562254259184e-01
4.032361438567608203e-01
4.009725288567230761e-01
3.987214258559609315e-01
3.964827495687797132e-01
3.942564214581814608e-01
3.920424108159880072e-01
3.898406710486957971e-01
3.876511493274120146e-01
3.854737926517957658e-01
3.833085478500583565e-01
3.811553615789634031e-01
3.790141803238262774e-01
3.768849503985149396e-01
3.747676179454491052e-01
3.726621289356009115e-01
3.705684291684945841e-01
3.684864642722063821e-01
3.664161797033648194e-01
3.643575207471504429e-01
3.623104325172961104e-01
3.602748599560867127e-01
3.582507478343592289e-01
3.562380407515030045e-01
3.542366831354591961e-01
3.522466192427213816e-01
3.502677931583352833e-01
3.483001487958984899e-01
3.463436298975610672e-01
3.443981800340250032e-01
3.424637426045445410e-01
3.405402608369260675e-01
3.386276777875279476e-01
3.367259363412610229e-01
3.348349792115878354e-01
3.329547489405235705e-01
3.310851878986351138e-01
3.292262382850418279e-01
3.273778421274149419e-01
3.255399412819780514e-01
3.237124774335067845e-01
3.218953920953289694e-01
3.200886266093245225e-01
3.182921221459255046e-01
3.165058197041161758e-01
3.147296601114329406e-01
3.129635840239642364e-01
3.112075319263509221e-01
3.094614441317855569e-01
3.077252607820132324e-01
3.059989218473310180e-01
3.042823671265881269e-01
3.025755362471861387e-01
3.008783686650782774e-01
2.991908036647703550e-01
2.975127803593202724e-01
2.958442376903379079e-01
2.941851144279855057e-01
2.925353491709771214e-01
2.908948803465792321e-01
2.892636462106104034e-01
2.876415848474412895e-01
2.860286341699949109e-01
2.844247319197459323e-01
2.828298156667216068e-01
2.812438228095012760e-01
2.796666905752163146e-01
2.780983560195502968e-01
2.765387560267388301e-01
2.749878273095698322e-01
2.734455064093832544e-01
2.719117296960712471e-01
2.703864333680781606e-01
2.688695534524003228e-01
2.673610258045863164e-01
2.658607861087367574e-01
2.643687698775046835e-01
2.628849124520951097e-01
2.614091490022650843e-01
2.599414145263237996e-01
2.584816438511328140e-01
2.570297716321057191e-01
2.555857339282082141e-01
2.541496083829267172e-01
2.527214473639199377e-01
2.513012200978593791e-01
2.498888954997163236e-01
2.484844421727618879e-01
2.470878284085666621e-01
2.456990221870012647e-01
2.443179911762359824e-01
2.429447027327407971e-01
2.415791239012856084e-01
2.402212214149397340e-01
2.388709616950724923e-01
2.375283108513529806e-01
2.361932346817499084e-01
2.348656986725318752e-01
2.335456679982669537e-01
2.322331075218232732e-01
2.309279817943685476e-01
2.296302550553703248e-01
2.283398912325959040e-01
2.270568539421121135e-01
2.257811064882858376e-01
2.245126118637835178e-01
2.232513327495714017e-01
2.219972315149155162e-01
2.207502702173816389e-01
2.195104106028351598e-01
2.182776141054413310e-01
2.170518418476651834e-01
2.158330546402714156e-01
2.146212129823246162e-01
2.134162770611888471e-01
2.122182067525281712e-01
2.110269616203063192e-01
2.098425009167867450e-01
2.086647835825328201e-01
2.074937682464072508e-01
2.063294132255729108e-01
2.051716765254922303e-01
2.040205158399274465e-01
2.028758885509406307e-01
2.017377517288932998e-01
2.006060621324469995e-01
1.994807762085629155e-01
1.983618500925020955e-01
1.972492396078252275e-01
1.961429002663926391e-01
1.950427872683646591e-01
1.939488555022011729e-01
1.928610595446619003e-01
1.917793536608063676e-01
1.907036918039936579e-01
1.896340276158827165e-01
1.885703144264323228e-01
1.875125052539008408e-01
1.864605528048465799e-01
1.854144094741272952e-01
1.843740273449007983e-01
1.833393581886244572e-01
1.823103534650555302e-01
1.812869643222509430e-01
1.802691415965672617e-01
1.792568358126610251e-01
1.782499971834883568e-01
1.772485756103052146e-01
1.762526163254230227e-01
1.752621864806515883e-01
1.742772638349988357e-01
1.732978259601406501e-01
1.723238502470244293e-01
1.713553139058689723e-01
1.703921939661644791e-01
1.694344672766726900e-01
1.684821105054268020e-01
1.675351001397314132e-01
1.665934124861626620e-01
1.656570236705679766e-01
1.647259096380663534e-01
1.638000461530482732e-01
1.628794087991755624e-01
1.619639729793816707e-01
1.610537139158712272e-01
1.601486066501205674e-01
1.592486260428773726e-01
1.583537467741607807e-01
1.574639433432614699e-01
1.565791900687413529e-01
1.556994610884340213e-01
1.548247303594444402e-01
1.539549716581489758e-01
1.530901585801955900e-01
1.522302645405034793e-01
1.513752627732634637e-01
1.505251263319377641e-01
1.496798280892600586e-01
1.488393407372355370e-01
1.480036367871406799e-01
1.471726885695235354e-01
1.463464682342036360e-01
1.455249477502719158e-01
1.447080989060907930e-01
1.438958933092940318e-01
1.430883023867869641e-01
1.422852973847463509e-01
1.414868493686203821e-01
1.406929292231288153e-01
1.399035076522625876e-01
1.391185551792843422e-01
1.383380421467281240e-01
1.375619387163993235e-01
1.367902148693750097e-01
1.360228404060033758e-01
1.352597849459043211e-01
1.345010179279691465e-01
1.337465086103605538e-01
1.329962260705127852e-01
1.322501392051314006e-01
1.315082167301935001e-01
1.307704271809476682e-01
1.300367389119138628e-01
1.293071200968835821e-01
1.285815387289196421e-01
1.278599626203564543e-01
1.271423594027998316e-01
1.264286965271269880e-01
1.257189412634867332e-01
1.250130607012991391e-01
1.243110217492557901e-01
1.236127911353198244e-01
1.229183354067257677e-01
1.222276592541758078e-01
1.215408033636102697e-01
1.208577540850896553e-01
1.201784967507154162e-01
1.195030165526534682e-01
1.188312985431342061e-01
1.181633276344523781e-01
1.174990885989672940e-01
1.168385660691027006e-01
1.161817445373468094e-01
1.155286083562522964e-01
1.148791417384361913e-01
1.142333287565801270e-01
1.135911533434301318e-01
1.129525992917966709e-01
1.123176502545547711e-01
1.116862897446437297e-01
1.110585011350674473e-01
1.104342676588942751e-01
1.098135724092569598e-01
1.091963983393528237e-01
1.085827282624434453e-01
1.079725448518550485e-01
1.073658306409782243e-01
1.067625680232680702e-01
1.061627392522441482e-01
1.055663264414903602e-01
1.049733115646552112e-01
1.043836764554516017e-01
1.037974028076568966e-01
1.032144721751129535e-01
1.026348659717259693e-01
1.020585654714667584e-01
1.014855518083704888e-01
1.009158059765368209e-01
1.003493088301299352e-01
9.978604108337828238e-02
9.922598331057497223e-02
9.866911594607749580e-02
9.811541928430776716e-02
9.756487347975228985e-02
9.701745854696179616e-02
9.647315436055167726e-02
9.593194065520171954e-02
9.539379702565614627e-02
9.485870292672371473e-02
9.432663767327750803e-02
9.379758044025515717e-02
9.327151026265875777e-02
9.274840603555484231e-02
9.222824651407444951e-02
9.171101031341291621e-02
9.119667590883023811e-02
9.068522163565075067e-02
9.017662568926329558e-02
8.967086612512117916e-02
8.916792085874206131e-02
8.866776766570821922e-02
8.817038418166628366e-02
8.767574790232737780e-02
8.718383618346711716e-02
8.669462624092544312e-02
8.620809515060692818e-02
8.572421984848048460e-02
8.524297713057954473e-02
8.476434365300197782e-02
8.428829593191008995e-02
8.381481034353066573e-02
8.334386312415495435e-02
8.287545053302440567e-02
8.240960826645887805e-02
8.194633087671397698e-02
8.148561037936521978e-02
8.102743863174342864e-02
8.057180733293484165e-02
8.011870802378111278e-02
7.966813208687913150e-02
7.922007074658131420e-02
7.877451506899539602e-02
7.833145596198448635e-02
7.789088417516712437e-02
7.745279029991711250e-02
7.701716476936372457e-02
7.658399785839162255e-02
7.615327968364080102e-02
7.572500020350667049e-02
7.529914921813994633e-02
7.487571636944678755e-02
7.445469114108874131e-02
7.403606285848268742e-02
7.361982068880094932e-02
7.320595364097109981e-02
7.279445056567623862e-02
7.238530015535477036e-02
7.197849094420046001e-02
7.157401130816254398e-02
7.117184946494548026e-02
7.077199347400925378e-02
7.037443123656915434e-02
6.997915049559585987e-02
6.958613883581547810e-02
6.919538368370937997e-02
6.880687230751440786e-02
6.842059181722276451e-02
6.803652916458202693e-02
6.765467114309517416e-02
6.727500438802047622e-02
6.689751537637170231e-02
6.652219042691788486e-02
6.614901570018352772e-02
6.577797719844849511e-02
6.540906076574794226e-02
6.504225208787250967e-02
6.467753669236818437e-02
6.431489994853631376e-02
6.395432706743366114e-02
6.359580310187228080e-02
6.323931294641971235e-02
6.288484133739880022e-02
6.253237285288779090e-02
6.218189191272037453e-02
6.183338277848546977e-02
6.148682955352749446e-02
6.114221618294621990e-02
6.079952645359677776e-02
6.045874399408970867e-02
6.011985227479087202e-02
5.978283460782155001e-02
5.944767414705841302e-02
5.911435388813347791e-02
5.878285666843417745e-02
5.845316516710327009e-02
5.812526190503892326e-02
5.779912924489469944e-02
5.747474939107951458e-02
5.715210438975768664e-02
5.683117612884885927e-02
5.651194633802811285e-02
5.619439658872588117e-02
5.587850829412796538e-02
5.556430432642239098e-02
5.525182046508012035e-02
5.494105275062916016e-02
5.463199704861565476e-02
5.432464906389059683e-02
5.401900434060980666e-02
5.371505826223387653e-02
5.341280605152829569e-02
5.311224277056335319e-02
5.281336332071417256e-02
5.251616244266072570e-02
5.222063471638771492e-02
5.192677456118483664e-02
5.163457623564647603e-02
5.134403383767186663e-02
5.105514130446515975e-02
5.076789241253520935e-02
5.048228077769582878e-02
5.019829985506555486e-02
4.991594293906775198e-02
4.963520316343072308e-02
4.935607350118745296e-02
4.907854676467590660e-02
4.880261560553875166e-02
4.852827251472349723e-02
4.825550982248259096e-02
4.798431969837314848e-02
4.771469415125727254e-02
4.744662502930178938e-02
4.718010401997833891e-02
4.691512265006349963e-02
4.665167228563854573e-02
4.638974413208971082e-02
4.612932923410796582e-02
4.587041847568907454e-02
4.561300258013378101e-02
4.535707211004749023e-02
4.510261746734057359e-02
4.484962889322813978e-02
4.459809646823011120e-02
4.434801011217134187e-02
4.409935958418140234e-02
4.385213448269479480e-02
4.360632424545076574e-02
4.336191814949338225e-02
4.311890531117165692e-02
4.287727468613926340e-02
4.263701506935487634e-02
4.239811509508187304e-02
4.216056323688845142e-02
4.192434780764776880e-02
4.168945695953765046e-02
4.145587868404090187e-02
4.122360081194503811e-02
4.099261101334240875e-02
4.076289679763030888e-02
4.053444551351070152e-02
4.030724434899052300e-02
4.008128033138144697e-02
3.985654032729996077e-02
3.963301104266747643e-02
3.941067902271012946e-02
3.918953065195898006e-02
3.896955215424984659e-02
3.875072959272334722e-02
3.853304886982505950e-02
3.831649572730523590e-02
3.810105603893645249e-02
3.788676504849029097e-02
3.767365276292398979e-02
3.746171624923296667e-02
3.725095246289739787e-02
3.704135824788246795e-02
3.683293033663815469e-02
3.662566535009930541e-02
3.641955979768574797e-02
3.621461007730207571e-02
3.601081247533786944e-02
3.580816316666751709e-02
3.560665821465027608e-02
3.540629357113037751e-02
3.520706507643681787e-02
3.500896845938358815e-02
3.481199933726947943e-02
3.461615321587815930e-02
3.442142548947826897e-02
3.422781144082320814e-02
3.403530624115137793e-02
3.384390495018597261e-02
3.365360251613506992e-02
3.346439377569170731e-02
3.327627345403370157e-02
3.308923616482385699e-02
3.290327641020977106e-02
3.271838858082393858e-02
3.253456695578379326e-02
3.235180570269156897e-02
3.217009887763446624e-02
3.198944042518449271e-02
3.180982417839854637e-02
3.163124385881848494e-02
3.145369307647092466e-02
3.127716532986749010e-02
3.110165400600458860e-02
3.092715238036352829e-02
3.075365361691056662e-02
3.058115076809673344e-02
3.040963677485805303e-02
3.023910446661535328e-02
3.006954656127433512e-02
2.990095566522566611e-02
2.973332427334478972e-02
2.956664476899212995e-02
2.940090942401292137e-02
2.923611039873727849e-02
2.907223974198026514e-02
2.890928939104173839e-02
2.874725117170652544e-02
2.858611679824427099e-02
2.842587787340949274e-02
2.826652588844166814e-02
2.810805222306505397e-02
2.795044814548888756e-02
2.779370481240721336e-02
2.763781326899896612e-02
2.748276444892802650e-02
2.732854917434305447e-02
2.717515815587769751e-02
2.702258199265041017e-02
2.687081117226452695e-02
2.671983607080833170e-02
2.656964695285490841e-02
2.642025026421193634e-02
2.627167552188874530e-02
2.612392152154533950e-02
2.597698582722530319e-02
2.583086593945125437e-02
2.568555929522501821e-02
2.554106326802745366e-02
2.539737516781861992e-02
2.525449224103764115e-02
2.511241167060275850e-02
2.497113057591139260e-02
2.483064601284000125e-02
2.469095497374424950e-02
2.455205438745885690e-02
2.441394111929766353e-02
2.427661197105368540e-02
2.414006368099898964e-02
2.400429292388483668e-02
2.386929631094154153e-02
2.373507038987854659e-02
2.360161164488447372e-02
2.346891649662698198e-02
2.333698130225293071e-02
2.320580235538824074e-02
2.307537588613795335e-02
2.294569806108628235e-02
2.281676498329649264e-02
2.268857269231104243e-02
2.256111716415144797e-02
2.243439431131835637e-02
2.230839998279158035e-02
2.218312996402998366e-02
2.205857997697161649e-02
2.193474568003360783e-02
2.181162266811219330e-02
2.168920647258279141e-02
2.156749256129986136e-02
2.144647633859705915e-02
2.132615314528710573e-02
2.120651825866184254e-02
2.108756689249228350e-02
2.096929419702849018e-02
2.085169525899971399e-02
2.073476510161428171e-02
2.061849868455963020e-02
2.050289090400237227e-02
2.038793659258817531e-02
2.027363051944188269e-02
2.015996739016742353e-02
2.004694184684783359e-02
1.993454846804532804e-02
1.982278176880116968e-02
1.971163620063580424e-02
1.960110615154876321e-02
1.949118594601867774e-02
1.938186984500336191e-02
1.927315204593967740e-02
1.916502668274368271e-02
1.905748782581048392e-02
1.895052948201433538e-02
1.884414559470863615e-02
1.873833004372586070e-02
1.863307664537764557e-02
1.852837915245472353e-02
1.842423134022935435e-02
1.832064245765116506e-02
1.821762112670127776e-02
1.811516591798266809e-02
1.801327535469377308e-02
1.791194791262853275e-02
1.781118202017644217e-02
1.771097605832243696e-02
1.761132836064702514e-02
1.751223721332616917e-02
1.741370085513134491e-02
1.731571747742957287e-02
1.721828522418332105e-02
1.712140219195062638e-02
1.702506642988498020e-02
1.692927593973538730e-02
1.683402867584639709e-02
1.673932254515801341e-02
1.664515540720579514e-02
1.655152507412076951e-02
1.645842931062946671e-02
1.636586583405396852e-02
1.627383231431180771e-02
1.618232637391607207e-02
1.609134558797532116e-02
1.600088748419361065e-02
1.591094954287055815e-02
1.582152919690121839e-02
1.573262383177621501e-02
1.564423078558163302e-02
1.555634734899906564e-02
1.546897076530565074e-02
1.538209823037397714e-02
1.529572689267219565e-02
1.520985385326392540e-02
1.512447616580828678e-02
1.503959083655994483e-02
1.495519482436902595e-02
1.487128504068120291e-02
1.478785834953762549e-02
1.470491156757494818e-02
1.462244146402536318e-02
1.454044476071652235e-02
1.445891813207163777e-02
1.437785820510938117e-02
1.429726155944393944e-02
1.421712472728503193e-02
1.413744419343784808e-02
1.405821639530311848e-02
1.397943772287705416e-02
1.390110451875136571e-02
1.382321307811330488e-02
1.374575964874559172e-02
1.366874043102648401e-02
1.359215157792972167e-02
1.351598919502454768e-02
1.344024934047574615e-02
1.336492802504355912e-02
1.329002121208378018e-02
1.321552481754767819e-02
1.314143470998202674e-02
1.306774671052913367e-02
1.299445659292677510e-02
1.292156008350827875e-02
1.284905286120243545e-02
1.277693055753354942e-02
1.270518875662146260e-02
1.263382299518148177e-02
1.256282876252445488e-02
1.249220150055671205e-02
1.242194147471857753e-02
1.235205739680989533e-02
1.228254949817386005e-02
1.221341757835927612e-02
1.214466138118694243e-02
1.207628059474968353e-02
1.200827485141237744e-02
1.194064372781188793e-02
1.187338674485714091e-02
1.180650336772906019e-02
1.173999300588059180e-02
1.167385501303673696e-02
1.160808868719448265e-02
1.154269327062287624e-02
1.147766794986296648e-02
1.141301185572782088e-02
1.134872406330256385e-02
1.128480359194430557e-02
1.122124940528221662e-02
1.115806041121746549e-02
1.109523546192324635e-02
1.103277335384480508e-02
1.097067282769937334e-02
1.090893256847624664e-02
1.084755120543671493e-02
1.078652731211409734e-02
1.072585940631375946e-02
1.066554595011305964e-02
1.060558534986141312e-02
1.054597595618023478e-02
1.048671606396296349e-02
1.042780391237508979e-02
1.036923768485409521e-02
1.031101550910951646e-02
1.025313545712289165e-02
1.019559554514778629e-02
1.013839373370980720e-02
1.008152792760656433e-02
1.002499597590771237e-02
9.968795671954917836e-03
9.912924753361862518e-03
9.857380902014285101e-03
9.802161744069906590e-03
9.747264849958517038e-03
9.692687734381895751e-03
9.638427856313854653e-03
9.584482619000246964e-03
9.530849369958925565e-03
9.477525400979796774e-03
9.424507948124766568e-03
9.371794191727768342e-03
9.319381256394778518e-03
9.267266211003771445e-03
9.215446068704778379e-03
9.163917786919826766e-03
9.112678267342971469e-03
9.061724355940317319e-03
9.011052842949954927e-03
8.960660462882042224e-03
8.910543894518728122e-03
8.860699760914192424e-03
8.811124629394657959e-03
8.761815011558345481e-03
8.712767363275527449e-03
8.663978084688481185e-03
8.615443520211507958e-03
8.567159958530953801e-03
8.519123632605160937e-03
8.471330719664526762e-03
8.423777341211451802e-03
8.376459563020355326e-03
8.329373395137711772e-03
8.282514791881984834e-03
8.235880957318275977e-03
8.189483498701842848e-03
8.143326944266136846e-03
8.097412245972802902e-03
8.051740281917237757e-03
8.006311856328636803e-03
7.961127699569943775e-03
7.916188468137880241e-03
7.871494744662956011e-03
7.827047037909429239e-03
7.782845782775355860e-03
7.738891340292546224e-03
7.695183997626582444e-03
7.651723968076838342e-03
7.608511391076434351e-03
7.565546332192289551e-03
7.522828783125075705e-03
7.480358661709238070e-03
7.438135811913013616e-03
7.396160003838385052e-03
7.354430933721133740e-03
7.312948223930796320e-03
7.271711422970679461e-03
7.230720005477881546e-03
7.189973372223250163e-03
7.149470850111428084e-03
7.109211692180814231e-03
7.069195077603578417e-03
7.029420111685683904e-03
6.989885825866837959e-03
6.950591177720548235e-03
6.911535050954074194e-03
6.872716255408451401e-03
6.834133527058501925e-03
6.795785528012799649e-03
6.757670846513711901e-03
6.719787996937363027e-03
6.682135419793650000e-03
6.644711481726258036e-03
6.607514475512624164e-03
6.570542620063977990e-03
6.533794060425306138e-03
6.497266867775368729e-03
6.460959039426714123e-03
6.424868498825642496e-03
6.388993095552243998e-03
6.353330605320369265e-03
6.317878729977643298e-03
6.282635097505474137e-03
6.247597262019023365e-03
6.212762703767248616e-03
6.178128829132861072e-03
6.143692970632346276e-03
6.109452386915978014e-03
6.075404262767781019e-03
6.041545709105570865e-03
6.007873762980927082e-03
5.974385387579194892e-03
5.941077472219510359e-03
5.907946832354762229e-03
5.874990209571630956e-03
5.842204271590554013e-03
5.809585612265742369e-03
5.777130751585195234e-03
5.744836135670661897e-03
5.712698136777686828e-03
5.680713053295569775e-03
5.648877109747385723e-03
5.617186456789994425e-03
5.585637171214010918e-03
5.554225255943838480e-03
5.522946640037643476e-03
5.491798165245836104e-03
5.460798968784374118e-03
5.429958765370014248e-03
5.399278705724101964e-03
5.368759867960754342e-03
5.338403257586876553e-03
5.308209807502168795e-03
5.278180377999103744e-03
5.248315756762956044e-03
5.218616658871772819e-03
5.189083726796387547e-03
5.159717530400431337e-03
5.130518566940307779e-03
5.101487261065218957e-03
5.072623964817142908e-03
5.043928957630843153e-03
5.015402446333881714e-03
4.987044565146589621e-03
4.958855375682100740e-03
4.930834866946321414e-03
4.902982955337946945e-03
4.875299484648466797e-03
4.847784226062143778e-03
4.820436878156040064e-03
4.793257066899993778e-03
4.766244345656627662e-03
4.739398195181363828e-03
4.712718023622391658e-03
4.686203166520705975e-03
4.659852886810073209e-03
4.633666374817046150e-03
4.607642748260976084e-03
4.581781052253984174e-03
4.556080259300993550e-03
4.530539269299699821e-03
4.505156909540588422e-03
4.479931934706937215e-03
4.454863026874799140e-03
4.429948795513026505e-03
4.405187777483244964e-03
4.380578437039869127e-03
4.356119165830108636e-03
4.331808282893943873e-03
4.307644034664157191e-03
4.283624594966306022e-03
4.259748065018733286e-03
4.236012473432577800e-03
4.212415776211751728e-03
4.188955856752966597e-03
4.165630525845709017e-03
4.142437521672251953e-03
4.119374509807665133e-03
4.096439083219788162e-03
4.073628762269264347e-03
4.050940994709508608e-03
4.028373155686725687e-03
4.005922547739913624e-03
3.983586400800842933e-03
3.961361872194086101e-03
3.939246046636988088e-03
3.917235936239683684e-03
3.895328480505098803e-03
3.873520546328937039e-03
3.851808927999698321e-03
3.830190347198658522e-03
3.808661452999881174e-03
3.787218821870223968e-03
3.765858969088677326e-03
3.744594853085019687e-03
3.723440705069909745e-03
3.702397274819847501e-03
3.681465261937171690e-03
3.660645315850042433e-03
3.639938035812463352e-03
3.619343970904260327e-03
3.598863620031092329e-03
3.578497431924457933e-03
3.558245805141677098e-03
3.538109088065911987e-03
3.518087578906149183e-03
3.498181525697206199e-03
3.478391126299741880e-03
3.458716528400235593e-03
3.439157829511008471e-03
3.419715076970207372e-03
3.400388267941809213e-03
3.381177349415632246e-03
3.362082218207314809e-03
3.343102720958338742e-03
3.324238654136009875e-03
3.305489764033464097e-03
3.286855746769679933e-03
3.268336248289455126e-03
3.249930864363430923e-03
3.231639140588072126e-03
3.213460572385675763e-03
3.195394605004378032e-03
3.177440633518137814e-03
3.159598002826754896e-03
3.141866007655853485e-03
3.124243892556890882e-03
3.106730851907163124e-03
3.089326029909787198e-03
3.072028520593723597e-03
3.054837367813755932e-03
3.037751565250500479e-03
3.020770056410412678e-03
3.003891734625770225e-03
2.987115443054692149e-03
2.970439974681122336e-03
2.953864072314836033e-03
2.937386428591448086e-03
2.921005685972396463e-03
2.904720436744959167e-03
2.888529223022239054e-03
2.872430536743172513e-03
2.856422819672532927e-03
2.840504463400917237e-03
2.824673809344763718e-03
2.808929148746335501e-03
2.793268722673726209e-03
2.777690722020871670e-03
2.762193287507526494e-03
2.746774509679288795e-03
2.731432428907581110e-03
2.716165035389658637e-03
2.700970269148612705e-03
2.685846020033361235e-03
2.670790127718659576e-03
2.655800381705091407e-03
2.640874521319070030e-03
2.626010235712847481e-03
2.611205218824239234e-03
2.596467551045770952e-03
2.581804733094409006e-03
2.567217363399797343e-03
2.552706004874682761e-03
2.538271184914902764e-03
2.523913395399402480e-03
2.509633092690217743e-03
2.495430697632483770e-03
2.481306595554439495e-03
2.467261136267415427e-03
2.453294634065847097e-03
2.439407367727263343e-03
2.425599580512291086e-03
2.411871480164661397e-03
2.398223238911196490e-03
2.384654993461824465e-03
2.371166845009565864e-03
2.357758859230538878e-03
2.344431066283968017e-03
2.331183460812166763e-03
2.318016001940554488e-03
2.304928613277644305e-03
2.291921182915047841e-03
2.278993563427479142e-03
2.266145571872745131e-03
2.253376989791756879e-03
2.240687563208519639e-03
2.228077002630136742e-03
2.215544983046814805e-03
2.203091143931851584e-03
2.190715089241651592e-03
2.178416387415711350e-03
2.166194571376626327e-03
2.154049138530094408e-03
2.141979550764906790e-03
2.129985234452958821e-03
2.118065580449239160e-03
2.106219944091835411e-03
2.094447645201938032e-03
2.082747968083829490e-03
2.071120161524897703e-03
2.059563438795623033e-03
2.048076977649584789e-03
2.036659920323465999e-03
2.025311373537040834e-03
2.014030408493188481e-03
2.002816060877882741e-03
1.991667330860194193e-03
1.980583183092297569e-03
1.969562546709459176e-03
1.958604315330051207e-03
1.947707347055537865e-03
1.936870464470482733e-03
1.926092454642552680e-03
1.915372069122505717e-03
1.904708023944205308e-03
1.894098999624608875e-03
1.883543641163771274e-03
1.873040558044851292e-03
1.862588324234099512e-03
1.852185478180871318e-03
1.841830522817615185e-03
1.831521925559879190e-03
1.821258118306313609e-03
1.811037497438660942e-03
1.800858423821768495e-03
1.790719222803577315e-03
1.780618184215126748e-03
1.770557737213331690e-03
1.760543466717293115e-03
1.750576262456461944e-03
1.740656946216201026e-03
1.730786303259676702e-03
1.720965082327861407e-03
1.711193995639524994e-03
1.701473718891244932e-03
1.691804891257396972e-03
1.682188115390160143e-03
1.672623957419519134e-03
1.663112946953256271e-03
1.653655577076961272e-03
1.644252304354023447e-03
1.634903548825632994e-03
1.625609694010787722e-03
1.616371086906282645e-03
1.607188037986719952e-03
1.598060821204500773e-03
1.588989673989828644e-03
1.579974797250713629e-03
1.571016355372962994e-03
1.562114476220191617e-03
1.553269251133813315e-03
1.544480734933043877e-03
1.535748945914905839e-03
1.527073865854218938e-03
1.518455440003610955e-03
1.509893577093507529e-03
1.501388149332137569e-03
1.492938992405535865e-03
1.484545905477535057e-03
1.476208651189774533e-03
1.467926955661693050e-03
1.459700508490532206e-03
1.451528962751339044e-03
1.443411934996958242e-03
1.435349005258042526e-03
1.427339717043042688e-03
1.419383577338213884e-03
1.411480056607611290e-03
1.403628588793098993e-03
1.395828571314337418e-03
1.388079365068791565e-03
1.380380294431728192e-03
1.372730647256215596e-03
1.365129674873130552e-03
1.357576592091145305e-03
1.350070577196737544e-03
1.342610771954186929e-03
1.335196281605574228e-03
1.327826174870788039e-03
1.320499483947513942e-03
1.313215204511241881e-03
1.305972295715264204e-03
1.298769680190673282e-03
1.291606244046371267e-03
1.284480836869055561e-03
1.277392271723228794e-03
1.270339325151195785e-03
1.263320737173061811e-03
1.256335211286741058e-03
1.249381414467943836e-03
1.242457977170184592e-03
1.235563493324781485e-03
1.228696520340851611e-03
1.221855579105322063e-03
1.215039153982915617e-03
1.208245692816159195e-03
1.201473606925383209e-03
1.194721271108717875e-03
1.187987023642102105e-03
1.181269166279271150e-03
1.174566465867683991e-03
1.167884348289943653e-03
1.161225875104125987e-03
1.154592434631495799e-03
1.147985364528175895e-03
1.141405951785155965e-03
1.134855432728289551e-03
1.128334993018292962e-03
1.121845767650751996e-03
1.115388840956111315e-03
1.108965246599682031e-03
1.102575967581639329e-03
1.096221936237020507e-03
1.089904034235733435e-03
1.083623092582543983e-03
1.077379891617084905e-03
1.071175161013852590e-03
1.065009579782206194e-03
1.058883776266374794e-03
1.052798328145446117e-03
1.046753762433373907e-03
1.040750555478976193e-03
1.034789132965934205e-03
1.028869869912797576e-03
1.022993090672976325e-03
1.017159068934745184e-03
1.011368027721244039e-03
1.005620139390475329e-03
9.999155256353103264e-04
9.942542574834802548e-04
9.886363552975819223e-04
9.830617887750764221e-04
9.775304769482876140e-04
9.720422881844083046e-04
9.665970401854910316e-04
9.611944999884543522e-04
9.558343839650806743e-04
9.505163578220156067e-04
9.452400366007732710e-04
9.400049846777277368e-04
9.348107157641189846e-04
9.296566929060509545e-04
9.245423284844908954e-04
9.194669842152742439e-04
9.144299711490966017e-04
9.094305496715193726e-04
9.044679295029682455e-04
8.995412696987317843e-04
8.946496786489668493e-04
8.897922140786907906e-04
8.849678830477861104e-04
8.801756419510003548e-04
8.754143965179434026e-04
8.706830018130937545e-04
8.659802622357900756e-04
8.613049315202366170e-04
8.566557127355019143e-04
8.520312582855178122e-04
8.474301699090842346e-04
8.428509986798610534e-04
8.382922450063745937e-04
8.337523586320143808e-04
8.292297386350338997e-04
8.247227334285543894e-04
8.202296407605576874e-04
8.157487077138910001e-04
8.112781307062659269e-04
8.068160554902571594e-04
8.023605771533073600e-04
7.979097401177200066e-04
7.934615381406638374e-04
7.890139143141717670e-04
7.845647610651401271e-04
7.801119201553330038e-04
7.756531826813754067e-04
7.711908434668313670e-04
7.667381985386194539e-04
7.622977653756946763e-04
7.578711398216199076e-04
7.534598568234949102e-04
7.490653904319614313e-04
7.446891538012015768e-04
7.403324991889369440e-04
7.359967179564333916e-04
7.316830405684936678e-04
7.273926365934623968e-04
7.231266147032246704e-04
7.188860226732050711e-04
7.146718473823722266e-04
7.104850148132319789e-04
7.063263900518317213e-04
7.021967772877595309e-04
6.980969198141430843e-04
6.940275000276537780e-04
6.899891394285003312e-04
6.859823986204332310e-04
6.820077773107434318e-04
6.780657143102613790e-04
6.741565875333615631e-04
6.702807139979556888e-04
6.664383498254971205e-04
6.626296902409795813e-04
6.588548695729368274e-04
6.551139612534459013e-04
6.514069778181216016e-04
6.477338709061201700e-04
6.440945312601383151e-04
6.404887887264126703e-04
6.369164122547233721e-04
6.333771098983877711e-04
6.298705288142653113e-04
6.263962552627557953e-04
6.229538146077986255e-04
6.195426713168767068e-04
6.161622289610104840e-04
6.128118302147624952e-04
6.094907568562350948e-04
6.061982297670708876e-04
6.029334089324555473e-04
5.996953934411127212e-04
5.964832214853073907e-04
5.932958703608453297e-04
5.901322564670719115e-04
5.869912353068756873e-04
5.838716014866831812e-04
5.807720887164624689e-04
5.776913698097223097e-04
5.746280566835107375e-04
5.715807003584193972e-04
5.685477909585777987e-04
5.655277577116567863e-04
5.625189689488681050e-04
5.595197321049627743e-04
5.565282937182354246e-04
5.535428394305184430e-04
5.505614939871855511e-04
5.475823212371513709e-04
5.446033241328701244e-04
5.416224447303389939e-04
5.386375641890934606e-04
5.356465027722104484e-04
5.326470198463071314e-04
5.296368138815407169e-04
5.266135224516116983e-04
5.235747266047663297e-04
5.205318225055441091e-04
5.174977163388749454e-04
5.144735672893272676e-04
5.114604874801213048e-04
5.084595419731236660e-04
5.054717487688508088e-04
5.024980788064681726e-04
4.995394559637896361e-04
4.965967570572804449e-04
4.936708118420524410e-04
4.907624030118673151e-04
4.878722661991357940e-04
4.850010899749169352e-04
4.821495158489212717e-04
4.793181382695057701e-04
4.765075046236774085e-04
4.737181152370921466e-04
4.709504233740543296e-04
4.682048352375194522e-04
4.654817099690899311e-04
4.627813596490179234e-04
4.601040492962046760e-04
4.574499968681996044e-04
4.548193732612034910e-04
4.522123023100640396e-04
4.496288607882785318e-04
4.470690784079934480e-04
4.445329378200035451e-04
4.420203746137547299e-04
4.395312773173399397e-04
4.370654873975016890e-04
4.346227992596316371e-04
4.322029602477698825e-04
4.298056706446074567e-04
4.274305836714824757e-04
4.250773054883827959e-04
4.227453951939452552e-04
4.204343648254551310e-04
4.181436793588487423e-04
4.158727567087093838e-04
4.136209677282700909e-04
4.113876362094130972e-04
4.091720388826687507e-04
4.069734054172186033e-04
4.047909184208912372e-04
4.026237134401648666e-04
4.004708789601669583e-04
3.983314564046730932e-04
3.962044401361100024e-04
3.940887774555515552e-04
3.919833686027211989e-04
3.898870667559914708e-04
3.877986780323833477e-04
3.857169614875687394e-04
3.836406291158666400e-04
3.815683458502458925e-04
3.794987295623241047e-04
3.774303510623675407e-04
3.753617340992933976e-04
3.732913553606657941e-04
3.712176444726987524e-04
3.691389840002552757e-04
3.670537094468468071e-04
3.649601092546356142e-04
3.628569546676207775e-04
3.607548896162068950e-04
3.586592719798325861e-04
3.565708375618380915e-04
3.544902923695288717e-04
3.524183126141719209e-04
3.503555447109981519e-04
3.483026052792017463e-04
3.462600811419396657e-04
3.442285293263338750e-04
3.422084770634680351e-04
3.402004217883896177e-04
3.382048311401088746e-04
3.362221429616010066e-04
3.342527652998029649e-04
3.322970764056154568e-04
3.303554247339026209e-04
3.284281289434912675e-04
3.265154778971732642e-04
3.246177306617020666e-04
3.227351165077950489e-04
3.208678349101329081e-04
3.190160555473591213e-04
3.171799183020820065e-04
3.153595332608717400e-04
3.135549807142622549e-04
3.117663111567508605e-04
3.099935452867976469e-04
3.082366740068274904e-04
3.064956584232271259e-04
3.047704298463471532e-04
3.030608897905014403e-04
3.013669099739666899e-04
2.996883323189843910e-04
2.980249689517578369e-04
2.963766022024542403e-04
2.947429846052040817e-04
2.931238388981006766e-04
2.915188580232020181e-04
2.899277051265281751e-04
2.883500135580627558e-04
2.867853868717529079e-04
2.852333988255086137e-04
2.836935933812043706e-04
2.821654847046768601e-04
2.806485571657263574e-04
2.791422653381165145e-04
2.776460339995739804e-04
2.761592581317898654e-04
2.746813029204173010e-04
2.732115037550733377e-04
2.717491662293381317e-04
2.702935661407549449e-04
2.688439494908314458e-04
2.673995324850374873e-04
2.659595015328064613e-04
2.645230132475354622e-04
2.630891944465841474e-04
2.616571421512767443e-04
2.602259235868997723e-04
2.587945761827033448e-04
2.573621075719008974e-04
2.559274955916687549e-04
2.544896882831479195e-04
2.530476038914413069e-04
2.516001308656156971e-04
2.501476700165829485e-04
2.486962341359698543e-04
2.472471773066062728e-04
2.458011870157971357e-04
2.443589258828611781e-04
2.429210316591307213e-04
2.414881172279509955e-04
2.400607706046820370e-04
2.386395549366960862e-04
2.372250085033792680e-04
2.358176447161311582e-04
2.344179521183644311e-04
2.330263943855064317e-04
2.316434103249967089e-04
2.302694138762887777e-04
2.289047941108495767e-04
2.275499152321590617e-04
2.262051165757119676e-04
2.248707126090151792e-04
2.235469929315895470e-04
2.222342222749693454e-04
2.209326405027019474e-04
2.196424626103492879e-04
2.183638787254857231e-04
2.170970541076994121e-04
2.158421291485919651e-04
2.145992193717781178e-04
2.133684154328871680e-04
2.121497831195607534e-04
2.109433633514543960e-04
2.097491721802370688e-04
2.085672007895908973e-04
2.073974154952124070e-04
2.062397577448106794e-04
2.050941441181085723e-04
2.039604663268423674e-04
2.028385912147615531e-04
2.017283607576300446e-04
2.006295920632241510e-04
1.995420773713341741e-04
1.984655840537637313e-04
1.973998546143296198e-04
1.963446066888630904e-04
1.952995330452078691e-04
1.942643015832215395e-04
1.932385553347750547e-04
1.922219124637526287e-04
1.912139662660527941e-04
1.902142851695866397e-04
1.892224127342790577e-04
1.882378676520684180e-04
1.872601437469062708e-04
1.862887099747584027e-04
1.853230104236033740e-04
1.843624643134333311e-04
1.834064659962540342e-04
1.824543849560843146e-04
1.815055658089574035e-04
1.805593283029190881e-04
1.796149673180289863e-04
1.786717528663601126e-04
1.777289300919986884e-04
1.767857192710452804e-04
1.758413158116130118e-04
1.748948902538288090e-04
1.739455882698330764e-04
1.729925306637793711e-04
1.720348133718356499e-04
1.710715074621823174e-04
1.701016591350136629e-04
1.691242897225374536e-04
1.681383956889745553e-04
1.671454376842349649e-04
1.661484329975293473e-04
1.651483959847973324e-04
1.641463074809142620e-04
1.631431157679865665e-04
1.621397365753527407e-04
1.611370530795817988e-04
1.601359159044743853e-04
1.591371431210623693e-04
1.581415202476087081e-04
1.571498002496085318e-04
1.561627035397873545e-04
1.551809179781023478e-04
1.542050988717420161e-04
1.532358689751258437e-04
1.522738184899054877e-04
1.513195050649630705e-04
1.503734537964122907e-04
1.494361572275982339e-04
1.485080753490969113e-04
1.475896355987165614e-04
1.466812328614958605e-04
1.457832294697050885e-04
1.448959552028458307e-04
1.440197072876507069e-04
1.431547503980844824e-04
1.423013166553424146e-04
1.414596056278513377e-04
1.406297843312693911e-04
1.398119872284857756e-04
1.390063162296217836e-04
1.382128406920292267e-04
1.374315974202914930e-04
1.366625906662233031e-04
1.359057921288704391e-04
1.351611409545106933e-04
1.344285437366524855e-04
1.337078745160357309e-04
1.329989747806317041e-04
1.323016534656427956e-04
1.316156869535033244e-04
1.309408190738782377e-04
1.302767611036640316e-04
1.296231917669885621e-04
1.289797572352107736e-04
1.283460711269214852e-04
1.277217145079422792e-04
1.271062358913261519e-04
1.264991512373575674e-04
1.258999439535520243e-04
1.253080648946568415e-04
1.247229323626501826e-04
1.241439321067416791e-04
1.235704173233722410e-04
1.230017086562139750e-04
1.224370941961707814e-04
1.218758294813773372e-04
1.213171374971998550e-04
1.207602086762358260e-04
1.202042008983138840e-04
1.196482394904944697e-04
1.190914172270688819e-04
1.185327943295598333e-04
1.179713984667213827e-04
1.174062247545387585e-04
1.168362357562289285e-04
1.162603614822397321e-04
1.156774993902504766e-04
1.150865143851717749e-04
1.144862388191453825e-04
1.138754724915448619e-04
1.132529826489745930e-04
1.126175039852704373e-04
1.119677386414995887e-04
1.113023562059603164e-04
1.106199937141828045e-04
1.099228936391030063e-04
1.092169026814940119e-04
1.085035159373135032e-04
1.077841283811602999e-04
1.070600873784535343e-04
1.063326926854314181e-04
1.056031964491520829e-04
1.048728032074933088e-04
1.041426698891524026e-04
1.034139058136469841e-04
1.026875726913137386e-04
1.019646846233092309e-04
1.012462081016097691e-04
1.005330620090111066e-04
9.982611761912933690e-05
9.912619859639960570e-05
9.843408099607697847e-05
9.775049326423620999e-05
9.707611623777155467e-05
9.641158314439755253e-05
9.575747960264782309e-05
9.511434362187591910e-05
9.448266560225506913e-05
9.386288833477800134e-05
9.325540700125770240e-05
9.266056917432629269e-05
9.207867481743578519e-05
9.150997628485788222e-05
9.095467832168381279e-05
9.041293806382499671e-05
8.988486503801204164e-05
8.937052116179543433e-05
8.886992074354533732e-05
8.838303048245148047e-05
8.790976946852373025e-05
8.745000918259118164e-05
8.700357349630279515e-05
8.657023867212717996e-05
8.614973336335262103e-05
8.574173861408735016e-05
8.534588785925897674e-05
8.496176692461493505e-05
8.458891402672234869e-05
8.422681977296792217e-05
8.387492716155837459e-05
8.353263158151978912e-05
8.319928081269808734e-05
8.287417502575883952e-05
8.255656678218723746e-05
8.224566103428847404e-05
8.194061512518710619e-05
8.164053878882750214e-05
8.134449414997376013e-05
8.105149572420951862e-05
8.076051041793841714e-05
8.047045752838351349e-05
8.018020874358764967e-05
7.988858814241337055e-05
7.959437219454281549e-05
7.929628976047811131e-05
7.899302209154074892e-05
7.868320282987203052e-05
7.836541800843304251e-05
7.803820605100434381e-05
7.770005777218652143e-05
7.734941637739959426e-05
7.698467746288332472e-05
7.660418901569721875e-05
7.620625141372034967e-05
7.578911742565180539e-05
7.535099221101002433e-05
7.489003332013329688e-05
7.440435069417953499e-05
7.389626097392854194e-05
7.338016410229934109e-05
7.285856716180473004e-05
7.233271634349100639e-05
7.180381067221378261e-05
7.127300200663780989e-05
7.074139503923762866e-05
7.021004729629663342e-05
6.967996913790766914e-05
6.915212375797290918e-05
6.862742718420369273e-05
6.810674827812112113e-05
6.759090873505512267e-05
6.708068308414515742e-05
6.657679868833993255e-05
6.607993574439736170e-05
6.559072728288509353e-05
6.510975916817964438e-05
6.463757009846702163e-05
6.417465160574250692e-05
6.372144805581060189e-05
6.327835664828547545e-05
6.284572741659024547e-05
6.242386322795746671e-05
6.201301978342899524e-05
6.161340561785589361e-05
6.122518209989889163e-05
6.084846343202766808e-05
6.048331665052134536e-05
6.012976162546835403e-05
5.978777106076633107e-05
5.945727049412254686e-05
5.913813829705326819e-05
5.883020567488415805e-05
5.853325666675022142e-05
5.824702814559569686e-05
5.797120981817435465e-05
5.770544422504906993e-05
5.744932674059205979e-05
5.720240557298489689e-05
5.696418176421838748e-05
5.673410919009286274e-05
5.651159456021775192e-05
5.629599741801184656e-05
5.608663014070329380e-05
5.588275793932946753e-05
5.568359885873724630e-05
5.548832377758262702e-05
5.529605640833098925e-05
5.510587329725701391e-05
5.491680382444466969e-05
5.472783020378736891e-05
5.453788748298768973e-05
5.434586354355757938e-05
5.415059910081829322e-05
5.395088770390034729e-05
5.374547573574371483e-05
5.353306241309756198e-05
5.331229978652038333e-05
5.308179274038001547e-05
5.284009899285349468e-05
5.258572909592744318e-05
5.231714643539753381e-05
5.203276723086880850e-05
5.173096053575571896e-05
5.141004823728181493e-05
5.106830540693631931e-05
5.071378112641849870e-05
5.035601784779341700e-05
4.999581216618410965e-05
4.963392984426469307e-05
4.927110581226079155e-05
4.890804416794888675e-05
4.854541817665677846e-05
4.818387027126342878e-05
4.782401205219890785e-05
4.746642428744476662e-05
4.711165691253343371e-05
4.676022903054864911e-05
4.641262891212532188e-05
4.606931399544945559e-05
4.573071088625852782e-05
4.539721535784092772e-05
4.506919235103631514e-05
4.474697597423555288e-05
4.443086950338058473e-05
4.412114538196482843e-05
4.381804522103259302e-05
4.352177979917949886e-05
4.323252906255233539e-05
4.295044212484900692e-05
4.267563726731884430e-05
4.240820193876211706e-05
4.214819275553037900e-05
4.189563550152635297e-05
4.165052512820389703e-05
4.141282575456825511e-05
4.118247066717565727e-05
4.095936232013358395e-05
4.074337233510071175e-05
4.053434150128684568e-05
4.033207977545314956e-05
4.013636628191179364e-05
3.994694931252621209e-05
3.976354632671100816e-05
3.958584395143194062e-05
3.941349798120609991e-05
3.924613337810159647e-05
3.908334427173780468e-05
3.892469395928527476e-05
3.876971490546571243e-05
3.861790874255211447e-05
3.846874627036856538e-05
3.832166745629036618e-05
3.817608143524401406e-05
3.803136650970713462e-05
3.788687014970867835e-05
3.774190899282867676e-05
3.759576884419835749e-05
3.744770467650015115e-05
3.729694062996764386e-05
3.714267001238571954e-05
3.698405529909033632e-05
3.682022813296866883e-05
3.665028932445910819e-05
3.647330885155114006e-05
3.628832585978562244e-05
3.609434866225443332e-05
3.589035473960070784e-05
3.567529074001872991e-05
3.544807247925396601e-05
3.521022847989436355e-05
3.496845947716370196e-05
3.472372923835821581e-05
3.447663389689342462e-05
3.422774786891924134e-05
3.397762385332023667e-05
3.372679283171522562e-05
3.347576406845753188e-05
3.322502511063496066e-05
3.297504178806966993e-05
3.272625821331850250e-05
3.247909678167253198e-05
3.223395817115736774e-05
3.199122134253305999e-05
3.175124353929405241e-05
3.151436028766943959e-05
3.128088539662256051e-05
3.105111095785128986e-05
3.082530734578794323e-05
3.060372321759924320e-05
3.038658551318652599e-05
3.017409945518541626e-05
2.996644854896604728e-05
2.976379458263300000e-05
2.956627762702526233e-05
2.937401603571643586e-05
2.918710644501441398e-05
2.900562377396158855e-05
2.882962122433481263e-05
2.865913028064534626e-05
2.849416071013903946e-05
2.833470056279605435e-05
2.818071617133105830e-05
2.803215215119316634e-05
2.788893140056590388e-05
2.775095510036738286e-05
2.761810271425003418e-05
2.749023198860079054e-05
2.736717895254102894e-05
2.724875791792655369e-05
2.713476147934772178e-05
2.702496051412924297e-05
2.691910418233030858e-05
2.681691992674457110e-05
2.671811347290009681e-05
2.662236882905950127e-05
2.652934828621975960e-05
2.643869241811233525e-05
2.635002008120314944e-05
2.626292841469253042e-05
2.617699284051535572e-05
2.609176706334086581e-05
2.600678307057279287e-05
2.592155113234931671e-05
2.583555980154304447e-05
2.574827591376110887e-05
2.565914458734501913e-05
2.556758922337077277e-05
2.547301150564882174e-05
2.537479140072401821e-05
2.527228715787578395e-05
2.516483530911788676e-05
2.505175066919858613e-05
2.493232633560059936e-05
2.480583368854103718e-05
2.467152239097160029e-05
2.452862038857831845e-05
2.437633390978172327e-05
2.421384746573677368e-05
2.404202465389805135e-05
2.386392115937748331e-05
2.368036019098716111e-05
2.349209255311049494e-05
2.329984458516262561e-05
2.310431816159036686e-05
2.290619069187242230e-05
2.270611512051906345e-05
2.250471992707234322e-05
2.230260912610603497e-05
2.210036226722558839e-05
2.189853443506835655e-05
2.169765624930323675e-05
2.149823386463092803e-05
2.130074897078383965e-05
2.110565879252606063e-05
2.091339608965357661e-05
2.072436915699393437e-05
2.053896182440645871e-05
2.035753345678220161e-05
2.018041895404390159e-05
2.000792875114616666e-05
1.984034881807518293e-05
1.967794065984891790e-05
1.952094131651706629e-05
1.936956336316100253e-05
1.922399490989396719e-05
1.908439960186078570e-05
1.895091661923806829e-05
1.882366067723414559e-05
1.870272202608903815e-05
1.858816645107460891e-05
1.848003527249432942e-05
1.837834534568344921e-05
1.828308906100893486e-05
1.819423434386945642e-05
1.811172465469549242e-05
1.803547898894917068e-05
1.796539187712436990e-05
1.790133338474669936e-05
1.784314911237347521e-05
1.779066019559380176e-05
1.774366330502844276e-05
1.770193064632992301e-05
1.766520996018248774e-05
1.763322452230210258e-05
1.760567314343648745e-05
1.758223016936505897e-05
1.756254548089897449e-05
1.754624449388112535e-05
1.753292815918611311e-05
1.752217296272028346e-05
1.751353092542170590e-05
1.750652960326017372e-05
1.750067208723720742e-05
1.749543700338605125e-05
1.749027851277170042e-05
1.748462631149084681e-05
1.747788563067192641e-05
1.746943723647510581e-05
1.745863743009225846e-05
1.744481804774701547e-05
1.742728646069472160e-05
1.740532557522244203e-05
1.737819383264897926e-05
1.734512520932483590e-05
1.730532921663229933e-05
1.725799090098534348e-05
1.720227084382967961e-05
1.713730516164274279e-05
1.706220550593366816e-05
1.697605906324338923e-05
1.687792855514451922e-05
1.676685223824139856e-05
1.664184390417011182e-05
1.650194711407586360e-05
1.634914068736162101e-05
1.618578159782243866e-05
1.601311397215588150e-05
1.583234278230109606e-05
1.564463384543874608e-05
1.545111382399123949e-05
1.525287022562241166e-05
1.505095140323772020e-05
1.484636655498420599e-05
1.464008572425043218e-05
1.443303979966671803e-05
1.422612051510478140e-05
1.402018044967798778e-05
1.381603302774127241e-05
1.361445251889109959e-05
1.341617403796568122e-05
1.322189354504464306e-05
1.303226784544923819e-05
1.284791458974230636e-05
1.266941227372821639e-05
1.249730023845306605e-05
1.233207867020438225e-05
1.217420860051132087e-05
1.202411190614461773e-05
1.188217130911655293e-05
1.174873037668109657e-05
1.162409352133368854e-05
1.150852600081138248e-05
1.140225391809281363e-05
1.130546422139816660e-05
1.121830470418929740e-05
1.114088400516954701e-05
1.107327160828386854e-05
1.101549784271879495e-05
1.096755388290242893e-05
1.092939174850448864e-05
1.090092430443623315e-05
1.088202526085051499e-05
1.087252917314176148e-05
1.087223144194598660e-05
1.088088831314078592e-05
1.089821687784532642e-05
1.092389507242035667e-05
1.095756167846820681e-05
1.099881632283280212e-05
1.104721947759960712e-05
1.110229246009570007e-05
1.116351743288973067e-05
1.123033740379193019e-05
1.130215622585412166e-05
1.137833859736965715e-05
1.145821006187352624e-05
1.154105700814226959e-05
1.162612667019401113e-05
1.171262712728849194e-05
1.179972730392694322e-05
1.188655696985226244e-05
1.197220674004888291e-05
1.205572807474284495e-05
1.213613327940176028e-05
1.221239550473477816e-05
1.228344874669268195e-05
1.234818784646781625e-05
1.240546849049411064e-05
1.245410721044706612e-05
1.249288138324375679e-05
1.252052923104283665e-05
1.253574982124457853e-05
1.253720306649077926e-05
1.252350972466484945e-05
1.249325139889177956e-05
1.244497053753809761e-05
1.237717043421198774e-05
1.228831522776313943e-05
1.217682990228284069e-05
1.204110028710401870e-05
1.188425247763231704e-05
1.171620561379292668e-05
1.153870956318628734e-05
1.135318385712911936e-05
1.116099730590492280e-05
1.096346799876366913e-05
1.076186330392200617e-05
1.055739986856321240e-05
1.035124361883712915e-05
1.014450975986040629e-05
9.938262775716137938e-06
9.733516429454108180e-06
9.531233763090726633e-06
9.332327097608972570e-06
9.137658032958618527e-06
8.948037448055901660e-06
8.764225500783732109e-06
8.586931627991655733e-06
8.416814545495793123e-06
8.254482248079034418e-06
8.100492009490753008e-06
7.955350382446998661e-06
7.819513198630443306e-06
7.693385568690360712e-06
7.577321882242742526e-06
7.471625807870111081e-06
7.376550293121648144e-06
7.292297564513157648e-06
7.219019127527061456e-06
7.156815766612456958e-06
7.105737545185011195e-06
7.065783805627042169e-06
7.036903169287484122e-06
7.018993536481907858e-06
7.011902086492512275e-06
7.015425277568114203e-06
7.029308846924162801e-06
7.053247810742730238e-06
7.086886464172525250e-06
7.129818381328862644e-06
7.181586415293695486e-06
7.241682698115613405e-06
7.309548640809820573e-06
7.384574933358165351e-06
7.466101544709075912e-06
7.553417722777658498e-06
7.645761994445620342e-06
7.742322165561301006e-06
7.842235320939702873e-06
7.944587824362362401e-06
8.048415318577516140e-06
8.152702725300024501e-06
8.256384245211346339e-06
8.358343357959625359e-06
8.457412822159522396e-06
8.552374675392422095e-06
8.641960234206293997e-06
8.724850094115748443e-06
8.799674129602046737e-06
8.865011494113002894e-06
8.919390620063112382e-06
8.961289218833509780e-06
8.989134280771917947e-06
9.001302075192697154e-06
8.996118150376858640e-06
8.971857333571995146e-06
8.926743730992372404e-06
8.858950727818864758e-06
8.766600988198938223e-06
8.647898260520263592e-06
8.514496064333030147e-06
8.375624740872368836e-06
8.232264096286143963e-06
8.085355973103031371e-06
7.935804250232677688e-06
7.784474842965459772e-06
7.632195702972640559e-06
7.479756818306334337e-06
7.327910213399465246e-06
7.177369949065933290e-06
7.028812122500359382e-06
6.882874867278259836e-06
6.740158353355996386e-06
6.601224787070746548e-06
6.466598411140652688e-06
6.336765504664587404e-06
6.212174383122316995e-06
6.093235398374452337e-06
5.980320938662429402e-06
5.873765428608622758e-06
5.773865329216161765e-06
5.680879137869063557e-06
5.595027388332188152e-06
5.516492650751227437e-06
5.445419531652789875e-06
5.381914673944263283e-06
5.326046756913912242e-06
5.277846496230847603e-06
5.237306643945021407e-06
5.204381988487267540e-06
5.178989354669236511e-06
5.161007603683440348e-06
5.150277633103241585e-06
5.146602376882849025e-06
5.149746805357328754e-06
5.159437925242586351e-06
5.175364779635387220e-06
5.197178448013340494e-06
5.224492046234916822e-06
5.256880726539406866e-06
5.293881677546983982e-06
5.334994124258654243e-06
5.379679328056278463e-06
5.427360586702584902e-06
5.477423234341103199e-06
5.529214641496255002e-06
5.582044215073303996e-06
5.635183398358358442e-06
5.687865671018388963e-06
5.739286549101179421e-06
5.788603585035399758e-06
5.834936367630567033e-06
5.877366522077034413e-06
5.914937709946014040e-06
5.946655629189560090e-06
5.971488014140573859e-06
5.988364635512826630e-06
5.996177300400922401e-06
5.993779852280325845e-06
5.979988171007323338e-06
5.953580172819094115e-06
5.913295810333639964e-06
5.857837072549823342e-06
5.785940767606147071e-06
5.704556435835924985e-06
5.619394716001723536e-06
5.531076247651737846e-06
5.440198409479665939e-06
5.347335319324679942e-06
5.253037834171532812e-06
5.157833550150402482e-06
5.062226802536993504e-06
4.966698665752509946e-06
4.871706953363635060e-06
4.777686218082632081e-06
4.685047751767184139e-06
4.594179585420505217e-06
4.505446489191309660e-06
4.419189972373791000e-06
4.335728283407715126e-06
4.255356409878278834e-06
4.178346078516202998e-06
4.104945755197711394e-06
4.035380644944510373e-06
3.969852691923865939e-06
3.908540579448487707e-06
3.851599729976605134e-06
3.799162305111949735e-06
3.751337205603745337e-06
3.708210071346753401e-06
3.669843281381196360e-06
3.636275953892814374e-06
3.607523946212849235e-06
3.583579854818035474e-06
3.564413015330633393e-06
3.549969502518380786e-06
3.540172130294524704e-06
3.534920451717817217e-06
3.534090758992508639e-06
3.537536083468352611e-06
3.545086195640603134e-06
3.556547605150017113e-06
3.571703560782853933e-06
3.590314050470879268e-06
3.612115801291342213e-06
3.636822279467012978e-06
3.664123690366157899e-06
3.693686978502542404e-06
3.725155827535447526e-06
3.758150660269620782e-06
3.792268638655350284e-06
3.827083663788403750e-06
3.862146375910057310e-06
3.896984154407106090e-06
3.931101117811803224e-06
3.963978123801936937e-06
3.995072769200799204e-06
4.023819389977164573e-06
4.049629061245332520e-06
4.071889597265074926e-06
4.089965551441686061e-06
4.103198216325967331e-06
4.110905623614200174e-06
4.112382544148190107e-06
4.106900487915225222e-06
4.093707704048104983e-06
4.072029180825135992e-06
4.041066645670116742e-06
3.999998565152335924e-06
3.948488388950518553e-06
3.890584678494093982e-06
3.827857127457673322e-06
3.760922491227556480e-06
3.690376995131363316e-06
3.616796334438117075e-06
3.540735674358120723e-06
3.462729650043040377e-06
3.383292366585881165e-06
3.302917399020967321e-06
3.222077792324033667e-06
3.141226061412087540e-06
3.060794191143499011e-06
2.981193636317981816e-06
2.902815321676565836e-06
2.826029641901691959e-06
2.751186461617072747e-06
2.678615115387786878e-06
2.608624407720251617e-06
2.541502613062208842e-06
2.477517475802797887e-06
2.416916210272441195e-06
2.359925500742923087e-06
2.306751501427368169e-06
2.257579836480229469e-06
2.212575599997341379e-06
2.171883356015839186e-06
2.135627138514212858e-06
2.103910451412292644e-06
2.076816268571245266e-06
2.054407033793598054e-06
2.036724660823198293e-06
2.023790533345244561e-06
2.015605504986269789e-06
2.012149899314156506e-06
2.013383509838124983e-06
2.019245600008734080e-06
2.029654903217888020e-06
2.044509622798829613e-06
2.063687432026149999e-06
2.087045474115764083e-06
2.114420362224946110e-06
2.145628179452301289e-06
2.180464478837784852e-06
2.218704283362693162e-06
2.260102085949642957e-06
2.304391849462615396e-06
2.351287006706925993e-06
2.400480460429228851e-06
2.451644583317540797e-06
2.504431218001166852e-06
2.558471677050808644e-06
2.613376742978481403e-06
2.668736668237547839e-06
2.724121175222724499e-06
2.779079456270036869e-06
2.833140173656876554e-06
2.885811459601974592e-06
2.936580916265402305e-06
2.984915615748575953e-06
3.030262100094225823e-06
3.072046381286455516e-06
3.109673941250703833e-06
3.142529731853738424e-06
3.169978174903688395e-06
3.191363162149995181e-06
3.206008055283462949e-06
3.213215685936235297e-06
3.212268355681794838e-06
3.202427836034956416e-06
3.182935368451893796e-06
3.153011664330099423e-06
3.111856905008437364e-06
3.058747874282250285e-06
2.995119055002957106e-06
2.922488158864802853e-06
2.841852815738723579e-06
2.754179916288290439e-06
2.660405611969691045e-06
2.561435315031701099e-06
2.458143698515800006e-06
2.351374696255999356e-06
2.241941502878955573e-06
2.130626573803942817e-06
2.018181625242819943e-06
1.905327634200159043e-06
1.792754838473054226e-06
1.681122736651248462e-06
1.571060088117100123e-06
1.463164913045557153e-06
1.358004492404275220e-06
1.256115367953434132e-06
1.158003342245863826e-06
1.064143478627009008e-06
9.749801012349094556e-07
8.909267950002948918e-07
8.123664056464378072e-07
7.396510396892525660e-07
6.731020644372712646e-07
6.130101079916272143e-07
5.596350592461201636e-07
5.132060678871171946e-07
4.739215443936183683e-07
4.419491600372419017e-07
4.174258468822148501e-07
4.004577977854082594e-07
3.911204663962795674e-07
3.894585671569174968e-07
3.954860753020276556e-07
4.091862268589342313e-07
4.305115186475660146e-07
4.593837082804856222e-07
4.956938141628645091e-07
5.393021154924897454e-07
5.900381522597898502e-07
6.477007252477577119e-07
7.120578960320471500e-07
7.828469869809182812e-07
8.597745812552485312e-07
9.425165228085508458e-07
1.030717916386894069e-06
1.123993127529029153e-06
1.221925782566301700e-06
1.324068768622666785e-06
1.429944233614739992e-06
1.539043586251658711e-06
1.650827496035256200e-06
1.764725893259983665e-06
1.880137969012873197e-06
1.996432175173625653e-06
2.112946224414458401e-06
2.228987090200309033e-06
2.343831006788693911e-06
2.456723469229733152e-06
2.566879233366234908e-06
2.673482315833483611e-06
2.775685994059503398e-06
2.872612806264901832e-06
2.963354551462894891e-06
3.046972289459348050e-06
3.122496340852656425e-06
3.188926287033927308e-06
3.245230970186852690e-06
3.290348493287748645e-06
3.323186220105506206e-06
3.342620775201668866e-06
3.347498043930419449e-06
3.336633172438532680e-06
3.308810567665382800e-06
3.262783897342977033e-06
3.197276089995960240e-06
3.111670682534772930e-06
3.015861515984932079e-06
2.914232475785579167e-06
2.807744172043820363e-06
2.697320842495162331e-06
2.583850352503331381e-06
2.468184195060393330e-06
2.351137490786723853e-06
2.233488987930974179e-06
2.115981062370206616e-06
1.999319717609692110e-06
1.884174584783045771e-06
1.771178922652191086e-06
1.660929617607331965e-06
1.553987183667073868e-06
1.450875762478238307e-06
1.352083123315989262e-06
1.258060663083798875e-06
1.169223406313425223e-06
1.085950005165011413e-06
1.008582739426932695e-06
9.374275165159040376e-07
8.727538714769426430e-07
8.147949669833662556e-07
7.637475933368486417e-07
7.197721684673234513e-07
6.829927379330507103e-07
6.534969749206007268e-07
6.313361802448481618e-07
6.165252823489948994e-07
6.090428373045332003e-07
6.088310288112732310e-07
6.157956681973328991e-07
6.298061944191442060e-07
6.506956740614396944e-07
6.782608013372723537e-07
7.122618980879944441e-07
7.524229137832778253e-07
7.984314255211131096e-07
8.499386380277596870e-07
9.065593836578278871e-07
9.678721223942213812e-07
1.033418941848160476e-06
1.102705557259189311e-06
1.175201311495105137e-06
1.250339175052067787e-06
1.327515746054538273e-06
1.406091250255281325e-06
1.485389541035390801e-06
1.564698099404186349e-06
1.643268033999449943e-06
1.720314081087138525e-06
1.795014604561525884e-06
1.866511595945321663e-06
1.933910674389369816e-06
1.996281086673003306e-06
2.052655707203716721e-06
2.102031038017360036e-06
2.143367208778154072e-06
2.175587976778538030e-06
2.197580726939334659e-06
2.208196471809630405e-06
2.206249851566823266e-06
2.190519134016657524e-06
2.159746214593155128e-06
2.112636616358652970e-06
2.052296239174714776e-06
1.987578462988668126e-06
1.919382051868399354e-06
1.848321411434324832e-06
1.774987238352540222e-06
1.699946520335100423e-06
1.623742536139902679e-06
1.546894855570551691e-06
1.469899339476664123e-06
1.393228139753520472e-06
1.317329699342370847e-06
1.242628752230301565e-06
1.169526323450109993e-06
1.098399729080599961e-06
1.029602576246249295e-06
9.634647631174961148e-07
9.002924789106115705e-07
8.403682038875962896e-07
7.839507093564304647e-07
7.312750576708000500e-07
6.825526022303256718e-07
6.379709874804584436e-07
5.976941489124115683e-07
5.618623130633337679e-07
5.305919975161254774e-07
5.039760108995862287e-07
4.820834528883460410e-07
4.649597142028351390e-07
4.526264766093652685e-07
4.450817129200560040e-07
4.422996869928847242e-07
4.442309537316582363e-07
4.508023590860246340e-07
4.619170400514610160e-07
4.774544246693027085e-07
4.972702320267059957e-07
5.211964722566559548e-07
5.490414465380168548e-07
5.805897470954322061e-07
6.156022571994526628e-07
6.538161511664125676e-07
6.949448943584784445e-07
7.386782431837279844e-07
7.846822450959706861e-07
8.325992385949735905e-07
8.820478532262471929e-07
9.326230095811464519e-07
9.838959192969474458e-07
1.035414085056650014e-06
1.086701300589209420e-06
1.137257650669332429e-06
1.186559511117557140e-06
1.234059548800351667e-06
1.279186721629921858e-06
1.321346278564387696e-06
1.359919759607661956e-06
1.394264995809485571e-06
1.423716109265495820e-06
1.447583513117103080e-06
1.465153911551613226e-06
1.475690299802119634e-06
1.478431964147585553e-06
1.472594481912804085e-06
1.457369721468413005e-06
1.431925842230857708e-06
1.395677217846897082e-06
1.352525292667897784e-06
1.304496663224693098e-06
1.252204859320809705e-06
1.196242956358437079e-06
1.137183575338629711e-06
1.075578882861226858e-06
1.011960591124737556e-06
9.468399579265904934e-07
8.807077866628447514e-07
8.140344263284477245e-07
7.472697715171241595e-07
6.808432624212622293e-07
6.151638848321778072e-07
5.506201701398133472e-07
4.875801953330018398e-07
4.263915829993476988e-07
3.673815013251304107e-07
3.108566640955410690e-07
2.571033306944182057e-07
2.063873061044721491e-07
1.589539409071848622e-07
1.150281312827349803e-07
7.481431901018119363e-08
3.849649146726361812e-08
6.238181630570025548e-09
-2.181753192454674207e-08
-4.554802502400053627e-08
-6.485112789487237577e-08
-7.964512516551314920e-08
-8.986875586546378223e-08
-9.548121342549928334e-08
-9.646214567762281452e-08
-9.281165485505933857e-08
-8.455029759224757228e-08
-7.171908492485777411e-08
-5.437948228979365001e-08
-3.261340952514936652e-08
-6.523240870289171852e-09
2.376819503425721268e-08
5.811761514668934882e-08
9.636128202397779773e-08
1.383150038219346355e-07
1.837741342950590813e-07
2.325135727967265977e-07
2.842877642790082607e-07
3.388306992927518632e-07
3.958559139876736062e-07
4.550564901121376588e-07
5.161050550134159853e-07
5.786537816374611284e-07
6.423343885290009716e-07
7.067581398316401710e-07
7.715158452876225623e-07
8.361778602381135412e-07
9.002940856229426705e-07
9.633939679807214181e-07
1.024986499448938448e-06
1.084560217763728698e-06
1.141583206260132148e-06
1.195503093871866181e-06
1.245747055131437390e-06
1.291721810170206589e-06
1.332813624718195052e-06
1.368388310104325498e-06
1.397791223256199952e-06
1.420347266700215580e-06
1.435360888561603863e-06
1.442116082564298459e-06
1.439876388031063530e-06
1.427884889883402264e-06
1.405364218641645808e-06
1.371516550424820925e-06
1.325936440263253952e-06
1.270610408494393244e-06
1.206756918320182508e-06
1.135338829777191575e-06
1.057289050450629689e-06
9.735105354746385866e-07
8.848762875319397060e-07
7.922293568541599757e-07
6.963828412216985143e-07
5.981198859635533056e-07
4.981936839577057517e-07
3.973274756306751337e-07
2.962145489579159763e-07
1.955182394636449351e-07
9.587193022067096629e-08
-2.120948149206249511e-09
-9.788691747564777645e-08
-1.908824520393843057e-07
-2.805939785723887385e-07
-3.665378762580227229e-07
-4.482604767306861937e-07
-5.253380640762051019e-07
-5.973768748315017072e-07
-6.640130979847466204e-07
-7.249128749754598118e-07
-7.797722996942514196e-07
-8.283174184830991526e-07
-8.703042301351267917e-07
-9.055186858947045629e-07
-9.337766894574999593e-07
-9.549240969703434867e-07
-9.688367170313608003e-07
-9.754203106898752962e-07
-9.746105914464623214e-07
-9.663732252529292685e-07
-9.507038305123380223e-07
-9.276279780789511729e-07
-8.972011912582938493e-07
-8.595089458071494840e-07
-8.146666699334691809e-07
-7.628197442965343452e-07
-7.041435020067508547e-07
-6.388432286258531944e-07
-5.671541621668227183e-07
-4.893414930937582647e-07
-4.057003643221575830e-07
-3.165558712185791560e-07
-2.222630616009547546e-07
-1.232069357384683127e-07
-1.980244635136725022e-08
8.750550138863624510e-08
1.982420498588253681e-07
3.119023889850736028e-07
4.279517562420037530e-07
5.458254366532026647e-07
6.649287627907619229e-07
7.846371147757904124e-07
9.042959202779728016e-07
1.023220654515749219e-06
1.140696840256536331e-06
1.255980047816209060e-06
1.368295895059726121e-06
1.476840047400571085e-06
1.580778217801015171e-06
1.679246166772260393e-06
1.771349702374049717e-06
1.856164680215099255e-06
1.932737003452741878e-06
2.000082622793088789e-06
2.057187536491105966e-06
2.103007790350402826e-06
2.136469477723471938e-06
2.156468739511466252e-06
2.161871764164347329e-06
2.151514787680857816e-06
2.124204093608482476e-06
2.078716013043436337e-06
2.013796924630760824e-06
1.931517983966028122e-06
1.842035005343616208e-06
1.747018236295315962e-06
1.647405478937404441e-06
1.544098766850141915e-06
1.437964365077619398e-06
1.329832770127567642e-06
1.220498709971782774e-06
1.110721144045636286e-06
1.001223263248508501e-06
8.926924899436011728e-07
7.857804779577524048e-07
6.811031125818680030e-07
5.792405105704357027e-07
4.807370201419442379e-07
3.861012209786963589e-07
2.958059242266586954e-07
2.102881724958268280e-07
1.299492398598216769e-07
5.515463185623233855e-08
-1.376591451354336847e-08
-7.651843078439842969e-08
-1.328447170272589250e-07
-1.825223418493588908e-07
-2.253646423940167034e-07
-2.612207243407401110e-07
-2.899754619052770558e-07
-3.115494978394801487e-07
-3.258992434314333004e-07
-3.330168785053636304e-07
-3.329303514216897479e-07
-3.257033790770086224e-07
-3.114354469040989721e-07
-2.902618088718996645e-07
-2.623534874855431742e-07
-2.279172737863581240e-07
-1.871957273517934756e-07
-1.404671762955532074e-07
-8.804571726742944966e-08
-3.028121545346172604e-08
3.244069542411217387e-08
9.969861310699066119e-08
1.710353668005461910e-07
2.459580171741308297e-07
3.239378563607954631e-07
4.044104079574058404e-07
4.867754270247939812e-07
5.703969000874216915e-07
6.546030451337636347e-07
7.386863116159793175e-07
8.219033804500435337e-07
9.034751640158962885e-07
9.825868061571133028e-07
1.058387682181279767e-06
1.129991398859661902e-06
1.196475794427361547e-06
1.256882938583402763e-06
1.310219132490497421e-06
1.355454908775315826e-06
1.391525031528248281e-06
1.417328496303521972e-06
1.431728530119236548e-06
1.433552591457266923e-06
1.421592370263333154e-06
1.394603787946952799e-06
1.351306997381522017e-06
1.295018188709146575e-06
1.234255865392469829e-06
1.169866479226779591e-06
1.102476981525258117e-06
1.032690278206530105e-06
9.610852297945373292e-07
8.882166514188178461e-07
8.146153128141820045e-07
7.407879383210005418e-07
6.672172068850813408e-07
5.943617520575425868e-07
5.226561619951049937e-07
4.525109794597614613e-07
3.843127018190637959e-07
3.184237810459961847e-07
2.551826237188663522e-07
1.949035910215652816e-07
1.378769987432807058e-07
8.436911727873872390e-08
3.462217162809516870e-08
-1.114565860314253165e-08
-5.274023920392180681e-08
-8.999148135785289079e-08
-1.227533416430389919e-07
-1.509038220321557020e-07
-1.743449698924891131e-07
-1.930028779858316322e-07
-2.068276844685874370e-07
-2.157935728916892546e-07
-2.198987722006457959e-07
-2.191655567355360377e-07
-2.136402462309975760e-07
-2.033932058162245088e-07
-1.885188460149856467e-07
-1.691356227456192197e-07
-1.453860373209985714e-07
-1.174366364486035227e-07
-8.547801223042529120e-08
-4.972480216306051272e-08
-1.041568913767757125e-08
3.218659856005052820e-08
7.779528724980661101e-08
1.260995578568002218e-07
1.767645459116045705e-07
2.294313415502236601e-07
2.837169895141858831e-07
3.392144891503384051e-07
3.954927944110820038e-07
4.520968138541693702e-07
5.085474106427786937e-07
5.643414025456265299e-07
6.189515619367368779e-07
6.718266157956953963e-07
7.223912457074335153e-07
7.700460878623185403e-07
8.141677330562292492e-07
8.541087266903978152e-07
8.891975687715654488e-07
9.187387139118558725e-07
9.420125713288223309e-07
9.582755048455121772e-07
9.667598328903618409e-07
9.666738284972546381e-07
9.572017193055155829e-07
9.375036875599125526e-07
9.067158701106205004e-07
8.670819233890105684e-07
8.222169135357978760e-07
7.727607837416753635e-07
7.193298456571123746e-07
6.625193715559054740e-07
6.029035943353957116e-07
5.410357075162113364e-07
4.774478652425016829e-07
4.126511822818394454e-07
3.471357340251059046e-07
2.813705564867490609e-07
2.158036463044884435e-07
1.508619607395747262e-07
8.695141767667696566e-08
2.445689562377481693e-08
-3.625776628758926277e-08
-9.484976830259260530e-08
-1.509973500428893391e-07
-2.043997905067188092e-07
-2.547774080689926103e-07
-3.018715604810839927e-07
-3.454446448710578321e-07
-3.852800977434777175e-07
-4.211823949794957371e-07
-4.529770518369054177e-07
-4.805106229500053521e-07
-5.036507023297383249e-07
-5.222859233635820445e-07
-5.363259588156046244e-07
-5.457015208264775000e-07
-5.503643609134248187e-07
-5.502872699702691794e-07
-5.454640782674005044e-07
-5.359096554518048380e-07
-5.216599105470272893e-07
-5.027717919532239128e-07
-4.793232874470901340e-07
-4.514134241819333827e-07
-4.191622686876557285e-07
-3.827109268706774364e-07
-3.422215440140818093e-07
-2.978773047774432403e-07
-2.498824331969856079e-07
-1.984621926855217130e-07
-1.438628860323543881e-07
-8.635185540348846696e-08
-2.621748234138122785e-08
3.623081223483060194e-08
1.006625680294257136e-07
1.667262853702122486e-07
2.340494252082683950e-07
3.022384091182481661e-07
3.708786192981050563e-07
4.395343985692102547e-07
5.077490503764815533e-07
5.750448387880887912e-07
6.409229884957823972e-07
7.048636848146131811e-07
7.663260736830569004e-07
8.247482616631181277e-07
8.795473159400765640e-07
9.301192643227638074e-07
9.758390952433346535e-07
1.016060757757383139e-06
1.050117161543972825e-06
1.077320176905523078e-06
1.096960634767920461e-06
1.108308326680445461e-06
1.110612004815791335e-06
1.103099381970104137e-06
1.084977131562918549e-06
1.055430887637191132e-06
1.014229777153567161e-06
